Location	iHH_0	iHH_1	iHS	Std iHS	chr	pos	ref	alt	p_value	neg_log10_p
22:34483988:A:G	0.00282817	3.48678e-07	9.00099	9.76919	22	34483988	A	G	1.526677279428931e-22	21.816252757688673
22:22902130:A:G	1.54646e-07	0.00865175	-10.9321	-9.17333	22	22902130	A	G	4.586278431978241e-20	19.338539582881026
22:34481092:T:TAAAC	0.00449606	3.70832e-07	9.40296	9.09406	22	34481092	T	TAAAC	9.540817848439586e-20	19.02041439554324
22:34341710:TC:T	0.000699832	5.06678e-08	9.53331	8.98585	22	34341710	TC	T	2.5674199359948716e-19	18.590503090826218
22:17866614:C:T	0.0222068	6.09073e-06	8.20139	8.96453	22	17866614	C	T	3.11606924302455e-19	18.50639290031611
22:21839378:A:AAAAC	0.00106007	2.16861e-07	8.49459	8.66324	22	21839378	A	AAAAC	4.585416231054508e-18	17.338621236079987
22:17710794:A:G	9.01435e-07	0.00748271	-9.02412	-8.51709	22	17710794	A	G	1.6361235145252594e-17	16.786183913591383
22:34480816:A:G	3.6832e-07	0.0045379	-9.41902	-8.44378	22	34480816	A	G	3.072371876898613e-17	16.512526218878
22:19094017:TAATA:T	0.00709367	2.04986e-07	10.4518	8.28007	22	19094017	TAATA	T	1.2310289677702985e-16	15.909731727414115
22:19335739:G:A	4.61819e-07	0.00221785	-8.47687	-8.208	22	19335739	G	A	2.2490321419372586e-16	15.648004337820819
22:21838188:A:G	2.14333e-07	0.00102875	-8.47633	-8.046	22	21838188	A	G	8.554399208341641e-16	15.067810486375862
22:35031435:G:A	6.62065e-06	0.0275297	-8.33283	-7.94034	22	35031435	G	A	2.0162779037949724e-15	14.695449609246962
22:35032192:C:T	6.48407e-06	0.0301239	-8.44373	-7.90951	22	35032192	C	T	2.584039455218511e-15	14.587700859464546
22:24020836:TTG:T	2.1032e-05	0.0220753	-6.95617	-7.88906	22	24020836	TTG	T	3.0447112265206776e-15	14.516453891430364
22:21832153:A:C	2.18986e-07	0.00158284	-8.88572	-7.88357	22	21832153	A	C	3.1815780013990195e-15	14.497357424883544
22:31517285:G:A	2.64886e-07	0.00168256	-8.75653	-7.83924	22	31517285	G	A	4.532814638987012e-15	14.343632040242229
22:19095223:G:A	1.05884e-06	0.00823673	-8.95919	-7.7547	22	19095223	G	A	8.85525631051176e-15	14.05279886387764
22:24057239:CCTT:C	0.0163171	9.17586e-07	9.78598	7.72689	22	24057239	CCTT	C	1.1020579664539595e-14	13.957795561701104
22:22902993:A:C	1.5119e-07	0.000379352	-7.82768	-7.69745	22	22902993	A	C	1.3880837644441022e-14	13.85758432542425
22:24053630:C:T	2.32474e-06	0.0169996	-8.89733	-7.69481	22	24053630	C	T	1.417045841544625e-14	13.848616100064575
22:38719305:C:G	1.58282e-07	0.00550674	-10.4571	-7.66333	22	38719305	C	G	1.8117303184514502e-14	13.741906447898112
22:49891923:A:T	1.02729e-07	0.00361999	-10.4699	-7.65914	22	49891923	A	T	1.8718226371071258e-14	13.727735304836642
22:49895335:G:A	0.000195278	1.12968e-07	7.45508	7.57733	22	49895335	G	A	3.5273876066811533e-14	13.452546815298863
22:19094007:T:TA	7.76725e-07	0.0120092	-9.64609	-7.57185	22	19094007	T	TA	3.67946183631639e-14	13.434215697252991
22:49896277:C:T	0.000196406	1.14805e-07	7.44471	7.56829	22	49896277	C	T	3.781690318009956e-14	13.422314038337642
22:49881083:G:C	5.52599e-05	1.0432e-07	6.27234	7.51131	22	49881083	G	C	5.853858647676762e-14	13.232557768625007
22:49881103:C:T	5.47547e-05	1.0432e-07	6.26316	7.5016	22	49881103	C	T	6.304350647283158e-14	13.200359639435844
22:24022978:G:A	0.0204831	2.48307e-05	6.71528	7.47976	22	24022978	G	A	7.445846333212227e-14	13.128085930960312
22:19096898:A:C	1.50445e-06	0.00998076	-8.79999	-7.45863	22	19096898	A	C	8.74267337752373e-14	13.058355746361558
22:19341451:CAA:C	0.00252842	2.65884e-07	9.16005	7.38271	22	19341451	CAA	C	1.5509961848278083e-13	12.809389270471545
22:19097689:T:C	1.82755e-06	0.00961147	-8.56774	-7.37571	22	19097689	T	C	1.6347150232821304e-13	12.7865579461249
22:35031037:C:T	5.98979e-06	0.030221	-8.52624	-7.37339	22	35031037	C	T	1.663429464166511e-13	12.778995610168009
22:49891030:CA:C	1.04321e-07	0.000174781	-7.42381	-7.36659	22	49891030	CA	C	1.750477829683656e-13	12.75684338533141
22:19099697:G:A	1.90335e-06	0.00965631	-8.53175	-7.34086	22	19099697	G	A	2.1222571443965833e-13	12.67320199572848
22:19100402:T:G	1.91866e-06	0.00965631	-8.52374	-7.33311	22	19100402	T	G	2.2487221287838272e-13	12.648064206365857
22:24045997:C:T	4.38881e-06	0.0205691	-8.45249	-7.26413	22	24045997	C	T	3.7544680236916756e-13	12.425451590149091
22:19096624:AG:A	1.78538e-06	0.00817835	-8.42961	-7.24198	22	19096624	AG	A	4.421810695721902e-13	12.35439985415061
22:19417029:A:G	0.00383504	4.65267e-07	9.01708	7.22327	22	19417029	A	G	5.075210432630384e-13	12.294545945959474
22:19097042:A:G	1.80175e-06	0.0088731	-8.50202	-7.17174	22	19097042	A	G	7.405047864268785e-13	12.130472129969156
22:25395389:A:G	0.00336472	8.26104e-06	6.00955	7.15736	22	25395389	A	G	8.224551197851094e-13	12.084887791568223
22:24048178:T:A	4.30274e-06	0.0179138	-8.33407	-7.14948	22	24048178	T	A	8.71072380277254e-13	12.059945756531967
22:30619814:T:C	8.5231e-07	0.0164446	-9.86756	-7.14448	22	30619814	T	C	9.033720912142397e-13	12.044133330665124
22:35032569:C:G	7.51033e-06	0.0293485	-8.27072	-7.11656	22	35032569	C	G	1.1065401830652769e-12	11.956032810415758
22:49902578:CTG:C	1.00535e-07	0.000242624	-7.78876	-7.08183	22	49902578	CTG	C	1.422631154827341e-12	11.846907684727551
22:30351168:G:A	6.21698e-07	0.00134613	-7.68029	-7.0806	22	30351168	G	A	1.4353164579947547e-12	11.84305233530013
22:19094423:TCAA:T	0.0120102	7.89073e-07	9.63041	7.07468	22	19094423	TCAA	T	1.4979401651571754e-12	11.824505534073841
22:34492721:G:A	0.00144131	2.477e-06	6.36626	7.01099	22	34492721	G	A	2.366376502155703e-12	11.625916155819622
22:29672862:T:C	1.85754e-06	0.00309563	-7.41849	-6.97301	22	29672862	T	C	3.102305642440162e-12	11.508315417261873
22:19050172:T:C	5.57129e-07	0.00776194	-9.54194	-6.8725	22	19050172	T	C	6.308638045315132e-12	11.200064389289489
22:34331417:A:G	7.68349e-07	0.00116268	-7.32199	-6.84202	22	34331417	A	G	7.808418355076588e-12	11.107436926330871
22:24018377:G:T	4.10862e-05	0.0364722	-6.78863	-6.82479	22	24018377	G	T	8.805402665770163e-12	11.055250779217035
22:19096523:T:C	1.81382e-06	0.0122476	-8.81765	-6.82332	22	19096523	T	C	8.896018860364905e-12	11.050804305017445
22:19096044:T:C	1.79821e-06	0.0115426	-8.767	-6.77756	22	19096044	T	C	1.2222240028893679e-11	10.912849191553812
22:19096895:A:C	1.85459e-06	0.0118691	-8.76403	-6.77487	22	19096895	A	C	1.2451817293187829e-11	10.904767260390942
22:19098083:T:A	2.02596e-06	0.0121152	-8.69617	-6.71356	22	19098083	T	A	1.8993246539238518e-11	10.721400794422166
22:19093749:C:G	7.70308e-07	0.00894578	-9.3599	-6.71073	22	19093749	C	G	1.936531427571904e-11	10.71297545054451
22:19093461:C:T	7.70308e-07	0.00894578	-9.3599	-6.71073	22	19093461	C	T	1.936531427571904e-11	10.71297545054451
22:19334226:T:C	1.00588e-06	0.00191822	-7.55329	-6.69922	22	19334226	T	C	2.095349388329102e-11	10.678743550372166
22:24025718:G:A	1.25672e-05	0.0222036	-7.47692	-6.62975	22	24025718	G	A	3.362558810136448e-11	10.473330111243992
22:24024274:T:C	1.3645e-05	0.0233027	-7.44295	-6.60104	22	24024274	T	C	4.082833642977828e-11	10.389038315254231
22:19096633:G:A	0.00817835	1.78538e-06	8.42961	6.59994	22	19096633	G	A	4.113242164309671e-11	10.385815720948539
22:19096632:G:A	0.00817835	1.78538e-06	8.42961	6.59994	22	19096632	G	A	4.113242164309671e-11	10.385815720948539
22:24031430:A:G	9.32587e-06	0.0148247	-7.37126	-6.54043	22	24031430	A	G	6.134220392849251e-11	10.212240624558488
22:24028666:G:C	1.25444e-05	0.0193581	-7.34159	-6.51534	22	24028666	G	C	7.252519288943293e-11	10.139511107465596
22:45793310:G:A	8.47818e-07	0.00158844	-7.5356	-6.50828	22	45793310	G	A	7.601613199215417e-11	10.119094232828173
22:24032793:T:C	9.0035e-06	0.0137747	-7.33298	-6.50806	22	24032793	T	C	7.612751376995391e-11	10.118458353493452
22:19099744:G:A	2.64614e-06	0.0123693	-8.44987	-6.49101	22	19099744	G	A	8.526281892552799e-11	10.069240312979483
22:20117296:A:C	3.04372e-06	0.0054516	-7.49058	-6.46242	22	20117296	A	C	1.0304162438623217e-10	9.986987303551649
22:38719929:C:CT	7.80849e-07	0.00352606	-8.41531	-6.45979	22	38719929	C	CT	1.0484837711785578e-10	9.979438287317995
22:19051189:C:CA	5.5321e-07	0.00109359	-7.58924	-6.42835	22	19051189	C	CA	1.289964565607531e-10	9.88942221929182
22:25391035:A:G	1.85778e-06	0.00285874	-7.33875	-6.41883	22	25391035	A	G	1.3732565416653988e-10	9.862248323489988
22:19096595:TA:T	0.0122476	1.81382e-06	8.81765	6.41415	22	19096595	TA	T	1.4161072590742612e-10	9.848903850982458
22:49987230:T:A	5.7921e-06	0.0305976	-8.57218	-6.39781	22	49987230	T	A	1.576212465682438e-10	9.802385242141993
22:43859452:C:T	3.36943e-06	0.0269982	-8.98878	-6.39449	22	43859452	C	T	1.610840904602502e-10	9.792947350744766
22:43863253:CTTTTTTT:C	0.00745268	7.88098e-06	6.85188	6.37724	22	43863253	CTTTTTTT	C	1.8030779008720035e-10	9.74398550944621
22:30839499:G:C	0.00865889	2.96939e-06	7.97799	6.36029	22	30839499	G	C	2.0137319333022777e-10	9.695998342936388
22:21600268:G:A	2.39541e-06	0.00959044	-8.29497	-6.35105	22	21600268	G	A	2.1385018064965444e-10	9.669890378537332
22:20940566:CTTTTTTT:C	0.00916399	1.92028e-05	6.16798	6.34532	22	20940566	CTTTTTTT	C	2.21963583607712e-10	9.653718272105795
22:34329179:G:A	0.00120757	2.4971e-06	6.18124	6.29899	22	34329179	G	A	2.9959131715636185e-10	9.52347077764054
22:19091966:G:C	2.02153e-07	0.000337405	-7.42002	-6.26452	22	19091966	G	C	3.739755628318993e-10	9.427156775537485
22:38721464:T:G	2.54622e-06	0.00156954	-6.42393	-6.25327	22	38721464	T	G	4.019463485986509e-10	9.39583191224525
22:34494219:A:G	0.00148553	2.75176e-06	6.29128	6.2462	22	34494219	A	G	4.2055860748753743e-10	9.376173473980595
22:19101446:AAAGT:A	0.0133176	4.73903e-06	7.94101	6.19398	22	19101446	AAAGT	A	5.866367392464071e-10	9.231630741982219
22:19341752:A:C	4.2847e-07	0.00269606	-8.74708	-6.18563	22	19341752	A	C	6.185493563334541e-10	9.208625640694445
22:24019366:T:A	3.29515e-05	0.0343843	-6.95032	-6.18454	22	24019366	T	A	6.228381941723701e-10	9.205624763140374
22:19414936:C:CTTATTTATT	1.117e-06	0.00695994	-8.73728	-6.17874	22	19414936	C	CTTATTTATT	6.461520537685833e-10	9.189665270948932
22:29675955:C:T	2.08627e-06	0.00354334	-7.43745	-6.14675	22	29675955	C	T	7.908663018244649e-10	9.101896929002415
22:20798442:T:C	1.13515e-07	0.000129849	-7.04219	-6.1421	22	20798442	T	C	8.143755886312296e-10	9.08917525303488
22:49994591:A:G	0.00474831	5.56694e-06	6.7487	6.13615	22	49994591	A	G	8.454533327634797e-10	9.07291035954188
22:43861176:A:G	4.65218e-06	0.0271494	-8.67177	-6.12056	22	43861176	A	G	9.324706234647027e-10	9.030364841308165
22:43861547:A:G	4.65213e-06	0.0271494	-8.67178	-6.12056	22	43861547	A	G	9.324706234647027e-10	9.030364841308165
22:19340899:A:T	1.18408e-06	0.00171544	-7.27846	-6.11921	22	19340899	A	T	9.404040547457782e-10	9.026685506992951
22:19103573:C:T	9.494e-06	0.0136253	-7.26902	-6.11833	22	19103573	C	T	9.456108738469945e-10	9.024287542358977
22:34488624:G:C	0.00152109	6.24415e-06	5.49554	6.11822	22	34488624	G	C	9.462636996833759e-10	9.023987819878846
22:43859948:T:C	5.63999e-06	0.00622747	-7.00684	-6.11346	22	43859948	T	C	9.74938166441834e-10	9.011022927711382
22:19095639:C:A	1.4954e-06	0.0084443	-8.63885	-6.09464	22	19095639	C	A	1.096840047504762e-09	8.959856701095262
22:19050221:G:A	6.21806e-07	0.00231605	-8.22275	-6.09312	22	19050221	G	A	1.107309917109122e-09	8.955730810509605
22:20799302:C:T	1.11414e-07	0.000120812	-6.98874	-6.09015	22	20799302	C	T	1.1280494404826727e-09	8.94767186554925
22:29080856:C:G	2.04832e-05	0.0327257	-7.37631	-6.08789	22	29080856	C	G	1.1440842939528878e-09	8.941541976373461
22:30352229:A:G	3.23229e-06	0.00446678	-7.23123	-6.07175	22	30352229	A	G	1.2652379780590815e-09	8.89782778054548
22:43858084:A:C	5.76681e-06	0.00608811	-6.96197	-6.06921	22	43858084	A	C	1.2854097558287937e-09	8.890958408263698
22:19103284:T:TA	8.91025e-06	0.0121071	-7.21434	-6.06539	22	19103284	T	TA	1.316338377912015e-09	8.880632456641395
22:31312875:ATAGGTAGG:A	0.000575278	8.3655e-07	6.53332	6.06395	22	31312875	ATAGGTAGG	A	1.32818460686179e-09	8.87674155737057
22:34329853:T:C	1.73697e-06	0.00118662	-6.52672	-6.0624	22	34329853	T	C	1.3410518842856514e-09	8.8725544192975
22:42821143:G:C	4.48352e-06	0.00468568	-6.95186	-6.05432	22	42821143	G	C	1.4101205063792244e-09	8.850743771728146
22:24050156:G:A	2.08112e-06	0.0106601	-8.54136	-6.01133	22	24050156	G	A	1.8400740458516322e-09	8.73516470032865
22:34500976:G:C	1.82711e-06	0.00165846	-6.81091	-6.00505	22	34500976	G	C	1.912729510200109e-09	8.718346441647203
22:19095737:C:CTTT	1.77694e-06	0.00894578	-8.52404	-5.99654	22	19095737	C	CTTT	2.0156597782456867e-09	8.695582770291825
22:42822457:C:T	4.70266e-06	0.00462064	-6.89016	-5.99435	22	42822457	C	T	2.0430093983194124e-09	8.689729635507115
22:49896793:G:A	0.000169205	8.11138e-07	5.34043	5.96909	22	49896793	G	A	2.3858048825203875e-09	8.622365076973177
22:35031579:A:C	7.15457e-06	0.0186132	-7.86388	-5.96155	22	35031579	A	C	2.4985643833242426e-09	8.60230945512186
22:24047235:T:G	2.58701e-06	0.0121012	-8.45055	-5.93375	22	24047235	T	G	2.9609258002290496e-09	8.528572475743037
22:34331809:A:ATT	0.000756564	4.24278e-06	5.18357	5.91515	22	34331809	A	ATT	3.3157326816547794e-09	8.479420490052394
22:19097327:G:A	1.96202e-06	0.00894578	-8.42496	-5.91188	22	19097327	G	A	3.3822491643016845e-09	8.470794401854963
22:34328737:G:A	0.00131235	4.07269e-06	5.77527	5.90168	22	34328737	G	A	3.5981856093857692e-09	8.44391643769616
22:20561388:C:T	0.000255848	0.168413	-6.48959	-5.87242	22	20561388	C	T	4.294789777266107e-09	8.367058089296702
22:19099167:C:A	2.12766e-06	0.00922567	-8.37472	-5.86896	22	19099167	C	A	4.3853721133569175e-09	8.357993549408334
22:33430580:A:G	0.000109906	0.0376655	-5.83687	-5.83678	22	33430580	A	G	5.3219291786682166e-09	8.273930909100347
22:19339636:C:CA	1.1432e-06	0.00256829	-7.71717	-5.82899	22	19339636	C	CA	5.576384465057819e-09	8.253647291348885
22:19350678:T:C	1.37835e-06	0.00300234	-7.68626	-5.80106	22	19350678	T	C	6.589701383962452e-09	8.181134265259661
22:25394080:C:CA	4.99462e-06	0.00375906	-6.62356	-5.79828	22	25394080	C	CA	6.699852132287859e-09	8.173934782200678
22:31171037:A:G	5.92565e-06	0.00548375	-6.83025	-5.78978	22	31171037	A	G	7.047867582759319e-09	8.151942264161441
22:29454598:G:A	1.39777e-05	0.00749299	-6.28426	-5.77304	22	29454598	G	A	7.785395039459093e-09	8.108719345959768
22:34339790:C:T	7.57769e-07	0.00159882	-7.6544	-5.77227	22	34339790	C	T	7.821066025563116e-09	8.106734047775646
22:29674234:T:A	2.7635e-06	0.00301723	-6.9956	-5.70232	22	29674234	T	A	1.1818768764262901e-08	7.92742776429555
22:43860701:CA:C	0.00596777	7.19706e-06	6.72046	5.70125	22	43860701	CA	C	1.1893206167175854e-08	7.924701052613313
22:20116712:C:T	3.39987e-06	0.00804632	-7.76923	-5.69767	22	20116712	C	T	1.2145585173688859e-08	7.915581556068258
22:20799994:C:A	1.20494e-07	7.86162e-05	-6.48073	-5.69632	22	20799994	C	A	1.2242100850621356e-08	7.912144047097251
22:34364300:G:T	1.04979e-06	0.000245106	-5.4531	-5.68893	22	34364300	G	T	1.2783785490666201e-08	7.893340525342473
22:49990903:C:A	5.8119e-06	0.00611801	-6.95908	-5.68617	22	49990903	C	A	1.2992007031424415e-08	7.886323753057641
22:34327038:T:A	0.00157121	6.08625e-06	5.55357	5.6545	22	34327038	T	A	1.563005981610536e-08	7.806039359936362
22:20931558:T:G	0.00841499	1.194e-05	6.55788	5.65324	22	20931558	T	G	1.57451211431915e-08	7.802853993546511
22:24015201:T:C	8.14702e-05	0.0446908	-6.30729	-5.6409	22	24015201	T	C	1.6916359261102945e-08	7.7716931001001095
22:20930997:A:G	0.00841499	1.22606e-05	6.53138	5.62713	22	20930997	A	G	1.8323263721997933e-08	7.736997167665316
22:19101739:T:TAA	8.4933e-06	0.00843865	-6.9013	-5.6157	22	19101739	T	TAA	1.9576806731147195e-08	7.708258146656542
22:19103583:C:T	1.22596e-05	0.00950783	-6.65356	-5.6098	22	19103583	C	T	2.0256057102827796e-08	7.693445087363368
22:34791412:C:T	3.43391e-06	0.00223225	-6.47707	-5.59289	22	34791412	C	T	2.233207863274614e-08	7.651070851638927
22:35033029:C:A	7.70945e-06	0.0241186	-8.04829	-5.59004	22	35033029	C	A	2.270173110426257e-08	7.643941024729178
22:33389125:A:G	6.84261e-05	0.0210149	-5.72723	-5.58592	22	33389125	A	G	2.3246623744493678e-08	7.633640113552952
22:34791398:C:A	3.43391e-06	0.00218885	-6.45743	-5.57381	22	34791398	C	A	2.4922754784241093e-08	7.603403955533245
22:19101609:C:T	7.94755e-06	0.0133756	-7.42832	-5.568	22	19101609	C	T	2.5767982468214624e-08	7.5889195836695915
22:19101181:T:C	7.94755e-06	0.0133756	-7.42832	-5.568	22	19101181	T	C	2.5767982468214624e-08	7.5889195836695915
22:20115227:C:T	3.31385e-06	0.00348587	-6.95836	-5.56706	22	20115227	C	T	2.5907320802405783e-08	7.586577497121997
22:34495938:AT:A	4.35389e-06	0.00139396	-5.76883	-5.55006	22	34495938	AT	A	2.8557157191619932e-08	7.544285027898746
22:24379102:CTTAAA:C	0.00369762	5.22373e-06	6.56223	5.54749	22	24379102	CTTAAA	C	2.897997297373394e-08	7.537902023880845
22:33388188:T:C	7.03442e-05	0.0207429	-5.68656	-5.54697	22	33388188	T	C	2.9066259030315233e-08	7.536610860456571
22:29994787:G:A	1.601e-06	0.00115193	-6.57857	-5.53341	22	29994787	G	A	3.140641680613061e-08	7.502981609927309
22:29914832:T:C	2.00083e-07	0.000143087	-6.57247	-5.5272	22	29914832	T	C	3.25381960441301e-08	7.487606528528758
22:43865015:G:C	1.07019e-05	0.0105792	-6.89623	-5.51067	22	43865015	G	C	3.574703671648797e-08	7.44675995361163
22:31879045:T:A	0.000251205	2.12271e-06	4.77358	5.5047	22	31879045	T	A	3.69797438415763e-08	7.432036101521227
22:43865487:G:A	1.09248e-05	0.0105884	-6.87648	-5.49275	22	43865487	G	A	3.957227873570569e-08	7.402608940538918
22:22901309:AC:A	6.50249e-06	0.00294937	-6.11716	-5.48637	22	22901309	AC	A	4.102770994310049e-08	7.386922723511542
22:29913726:G:T	0.000116749	2.58627e-07	6.11239	5.48498	22	29913726	G	T	4.135161986901615e-08	7.383507473139347
22:31514148:A:G	3.04423e-06	0.00177032	-6.36567	-5.48105	22	31514148	A	G	4.2280895943421984e-08	7.373855818451611
22:43852351:T:G	8.10463e-06	0.0224734	-7.92765	-5.47753	22	43852351	T	G	4.313039005140061e-08	7.36521661427684
22:19099971:T:TAA	2.6242e-06	0.00710695	-7.90405	-5.4668	22	19099971	T	TAA	4.5823257836312215e-08	7.338914037581433
22:33393568:C:T	0.0247253	0.000136444	5.19967	5.46656	22	33393568	C	T	4.58853154425653e-08	7.33832627835444
22:43863761:C:G	1.20834e-05	0.0328565	-7.90808	-5.46062	22	43863761	C	G	4.744746517965288e-08	7.3237869842460634
22:49895922:T:C	0.000167426	1.41641e-06	4.77241	5.45587	22	49895922	T	C	4.873363883385043e-08	7.3121711595922205
22:31515320:CGTGT:C	0.00131601	2.19013e-06	6.3984	5.45395	22	31515320	CGTGT	C	4.9263059080304975e-08	7.307478623344537
22:49892625:T:C	0.000162596	1.41641e-06	4.74314	5.42942	22	49892625	T	C	5.65374891505098e-08	7.247663482586714
22:30837360:C:A	1.27058e-05	0.00915132	-6.57959	-5.41677	22	30837360	C	A	6.06853226459093e-08	7.216916334701874
22:43862459:G:GCCCGCA	7.17271e-06	0.00626496	-6.77244	-5.39834	22	43862459	G	GCCCGCA	6.726031289390721e-08	7.172241116685653
22:34325444:G:T	6.77127e-06	0.00232211	-5.83754	-5.38679	22	34325444	G	T	7.172715670328946e-08	7.144316384451696
22:34339219:G:A	5.11052e-06	5.11835e-08	4.60364	5.37644	22	34339219	G	A	7.597300028140527e-08	7.1193407223527325
22:34326580:A:G	6.58448e-06	0.00173975	-5.57678	-5.35988	22	34326580	A	G	8.327724966857286e-08	7.079473626358785
22:29677580:C:A	5.642e-06	0.00423827	-6.62167	-5.35882	22	29677580	C	A	8.376726098180042e-08	7.076925684867228
22:41994888:C:CTG	9.51075e-07	0.00228533	-7.78443	-5.35377	22	41994888	C	CTG	8.61403412637139e-08	7.064793412017878
22:19347926:G:A	8.65681e-07	0.000623455	-6.57952	-5.34463	22	19347926	G	A	9.060193207952296e-08	7.042862540926624
22:42826236:C:T	1.09523e-05	0.00423952	-5.95865	-5.34358	22	42826236	C	T	9.112858239429558e-08	7.040345385604081
22:25389745:T:A	5.08849e-06	0.00802143	-7.36289	-5.34336	22	25389745	T	A	9.123930311341546e-08	7.039818040527721
22:43862156:G:C	7.26421e-06	0.0059713	-6.71176	-5.34327	22	43862156	G	C	9.128463548085375e-08	7.039602314332171
22:31171537:AG:A	0.00552664	5.9355e-06	6.83638	5.34283	22	31171537	AG	A	9.150657446617558e-08	7.038547702088651
22:43861882:C:A	7.32009e-06	0.00597107	-6.70406	-5.33628	22	43861882	C	A	9.487285903344904e-08	7.022858011575518
22:24042599:T:A	9.88849e-06	0.00195982	-5.28923	-5.33383	22	24042599	T	A	9.616255714884762e-08	7.016993996455438
22:34339955:G:GT	7.5297e-07	0.00171503	-7.73091	-5.31887	22	34339955	G	GT	1.0441370420504124e-07	6.981242496831495
22:29914305:C:G	2.48996e-07	0.000144903	-6.36639	-5.31727	22	29914305	C	G	1.0533570562271408e-07	6.977424391146329
22:34329939:A:G	0.000880452	5.00409e-06	5.17018	5.30694	22	34329939	A	G	1.1148085307475552e-07	6.952799716633998
22:34330152:CGATACT:C	0.000880452	5.00409e-06	5.17018	5.30694	22	34330152	CGATACT	C	1.1148085307475552e-07	6.952799716633998
22:20696393:G:A	0.00689232	1.59696e-05	6.06748	5.2988	22	20696393	G	A	1.1656622994084385e-07	6.933427249530552
22:29679098:A:C	6.19675e-06	0.00435823	-6.55579	-5.2983	22	29679098	A	C	1.1688581118746619e-07	6.93223820480894
22:43864726:T:C	1.45847e-05	0.0328565	-7.71993	-5.29803	22	43864726	T	C	1.1705873741324013e-07	6.931596164464277
22:29913166:T:C	2.51656e-07	0.000143087	-6.34314	-5.29359	22	29913166	T	C	1.1993817219585714e-07	6.921042573901623
22:35887628:C:G	0.000496598	4.57653e-06	4.68684	5.29128	22	35887628	C	G	1.2146323961832775e-07	6.915555139732472
22:21774389:G:A	1.55183e-06	0.000482098	-5.73871	-5.28991	22	21774389	G	A	1.2237656262847358e-07	6.912301749639547
22:49990657:CTG:C	0.00382678	4.37209e-06	6.77454	5.28771	22	49990657	CTG	C	1.23857131515257e-07	6.907078982307401
22:43865969:C:T	1.47703e-05	0.0328565	-7.70729	-5.28711	22	43865969	C	T	1.242639214864023e-07	6.905654945161722
22:35889289:A:G	0.000491924	4.57653e-06	4.67738	5.2832	22	35889289	A	G	1.2694667057628808e-07	6.896378684859635
22:47934937:CCACACGCA:C	0.0208058	4.30326e-05	6.18103	5.28189	22	47934937	CCACACGCA	C	1.2785796196940943e-07	6.893272222415009
22:30839310:T:C	0.000834535	3.87987e-06	5.37107	5.27907	22	30839310	T	C	1.2984119921653308e-07	6.886587482008705
22:43858050:C:CAA	5.23632e-06	0.00764644	-7.28638	-5.27664	22	43858050	C	CAA	1.3157400228776173e-07	6.880829914508955
22:35277006:C:G	9.34522e-06	0.0113474	-7.10188	-5.27305	22	35277006	C	G	1.3417498912383292e-07	6.87232843124465
22:25385802:TACAC:T	0.0073434	8.21778e-06	6.79526	5.27302	22	25385802	TACAC	T	1.3419693254844085e-07	6.872257411085886
22:42824011:T:TA	0.00442419	1.0578e-05	6.03607	5.27133	22	42824011	T	TA	1.3543870071879036e-07	6.868257221123031
22:17062965:CTTTTTTTTT:C	0.0142896	7.86315e-06	7.5051	5.27082	22	17062965	CTTTTTTTTT	C	1.3581561371951198e-07	6.867050299551591
22:47689131:A:G	2.61717e-05	0.00575032	-5.39233	-5.26513	22	47689131	A	G	1.400901911070761e-07	6.853592272260295
22:19097896:C:G	0.00439082	2.69825e-06	7.39467	5.2577	22	19097896	C	G	1.4586821962236462e-07	6.836039317743693
22:30353352:G:C	3.21525e-06	0.00454053	-7.25289	-5.24744	22	30353352	G	C	1.5422725357709423e-07	6.811838875102812
22:17064009:T:C	8.04039e-06	0.0170441	-7.65908	-5.24545	22	17064009	T	C	1.5590133674304085e-07	6.807150161029006
22:29552556:G:A	9.78457e-07	0.00137471	-7.24778	-5.24298	22	29552556	G	A	1.5800367169661767e-07	6.801332820773093
22:17666200:A:ATTTTTAT	0.00113543	2.11421e-05	3.9835	5.22557	22	17666200	A	ATTTTTAT	1.7361942033227184e-07	6.760401698102954
22:48848045:C:T	7.62421e-05	0.016585	-5.38234	-5.22302	22	48848045	C	T	1.7602836936116956e-07	6.754417334094161
22:42908037:A:AAC	7.08119e-06	0.00224788	-5.7603	-5.21871	22	42908037	A	AAC	1.8017361379900576e-07	6.744308810585342
22:34327913:G:GTT	5.07035e-06	0.0015486	-5.7217	-5.21696	22	34327913	G	GTT	1.8188351791454956e-07	6.740206654444379
22:17062158:G:C	3.44498e-06	0.00117612	-5.83305	-5.21666	22	17062158	G	C	1.8217821514452692e-07	6.7395035571554125
22:24014420:A:AT	0.0473694	0.000359849	4.88005	5.20723	22	24014420	A	AT	1.9168044889379082e-07	6.7174221822213545
22:29080942:C:CTTCTT	2.51311e-05	0.0159894	-6.45557	-5.20623	22	29080942	C	CTTCTT	1.9271575966821213e-07	6.715082768701684
22:19342607:T:C	1.05147e-06	0.000612943	-6.36808	-5.20417	22	19342607	T	C	1.9486556282289856e-07	6.710264903814299
22:25388166:G:T	5.80682e-06	0.00777791	-7.20001	-5.20133	22	25388166	G	T	1.9786741123714185e-07	6.703625728205563
22:43845550:CT:C	0.0210863	2.34786e-05	6.80029	5.19313	22	43845550	CT	C	2.067876828548047e-07	6.684475333215912
22:29676770:T:C	3.36646e-06	0.0065912	-7.57963	-5.1896	22	29676770	T	C	2.1074630201721172e-07	6.676240037237547
22:19103419:CTTTTTTTTT:C	0.0162486	1.09232e-05	7.30487	5.18472	22	19103419	CTTTTTTTTT	C	2.1633963695099162e-07	6.6648639034363315
22:29552694:G:C	1.05028e-06	0.00137471	-7.17694	-5.18122	22	29552694	G	C	2.204393064658083e-07	6.656710963998165
22:24041599:G:A	8.39055e-06	0.00266216	-5.75979	-5.17802	22	24041599	G	A	2.2425319531168254e-07	6.649261360117337
22:19344151:T:C	1.0813e-06	0.000612943	-6.34011	-5.17605	22	19344151	T	C	2.266327449083909e-07	6.644677341138009
22:41994884:C:CTGTGTGTG	4.66557e-06	0.00262873	-6.33405	-5.16996	22	41994884	C	CTGTGTGTG	2.3414410632234842e-07	6.630516769438151
22:43859952:G:A	5.69464e-06	0.00734079	-7.16168	-5.16791	22	43859952	G	A	2.367262475415668e-07	6.625753586048572
22:34331050:T:G	0.000698895	5.37105e-06	4.86848	5.166	22	34331050	T	G	2.3915678975965523e-07	6.621317284817971
22:30725197:C:CAA	2.88202e-06	0.00121706	-6.0457	-5.16545	22	30725197	C	CAA	2.3986114330096875e-07	6.620040100580595
22:49915587:T:A	0.00531613	3.53532e-05	5.01311	5.16456	22	49915587	T	A	2.410051627703561e-07	6.617973653945209
22:20927842:C:CA	1.97292e-05	0.00830043	-6.04196	-5.16176	22	20927842	C	CA	2.446388082596774e-07	6.61147464756087
22:42896108:A:G	1.1996e-06	0.000498369	-6.02936	-5.15779	22	42896108	A	G	2.49881647029206e-07	6.60226564017864
22:29085200:G:A	3.25455e-05	0.0180615	-6.3189	-5.15473	22	29085200	G	A	2.539966333514007e-07	6.5951720397839955
22:42827089:C:CAT	0.00390918	1.08205e-05	5.88964	5.14329	22	42827089	C	CAT	2.699683958098493e-07	6.568687074095657
22:19104384:AGGC:A	0.0138623	1.75618e-05	6.6712	5.13895	22	19104384	AGGC	A	2.762778936064772e-07	6.55865386379435
22:19342448:A:G	1.12462e-06	0.000612943	-6.30083	-5.13657	22	19342448	A	G	2.797981603924584e-07	6.553155145219568
22:19341448:CAAAA:C	1.90896e-06	0.00037863	-5.29	-5.13509	22	19341448	CAAAA	C	2.82009036166094e-07	6.5497369757437625
22:29677500:CA:C	0.00780713	5.69772e-06	7.22273	5.11796	22	29677500	CA	C	3.0885808267008295e-07	6.510241028896193
22:17063246:G:A	8.1796e-06	0.0142896	-7.46564	-5.09221	22	17063246	G	A	3.5391379089175497e-07	6.451102513961818
22:17713473:T:G	3.45013e-05	0.0604116	-7.46794	-5.08028	22	17713473	T	G	3.768789631697016e-07	6.423798103554096
22:34500218:A:G	8.15423e-07	0.000940427	-7.05038	-5.07086	22	34500218	A	G	3.960220266750866e-07	6.402280658020426
22:31511441:C:G	5.22149e-06	0.00139179	-5.58556	-5.06014	22	31511441	C	G	4.189487527540702e-07	6.3778390981728545
22:25476870:G:A	5.96384e-06	0.000731328	-4.80915	-5.03626	22	25476870	G	A	4.747156554333089e-07	6.323566445643795
22:20113911:G:A	1.05891e-05	0.0171995	-7.39281	-5.02998	22	20113911	G	A	4.905310009299019e-07	6.309333540562641
22:34500084:A:ATG	1.33845e-06	0.00122896	-6.82241	-5.02054	22	34500084	A	ATG	5.152641943231794e-07	6.287970035586942
22:20113388:C:T	1.0713e-05	0.0171995	-7.38117	-5.02004	22	20113388	C	T	5.166072084479675e-07	6.286839538218191
22:20803793:C:T	1.13762e-07	1.63816e-05	-4.9698	-5.01964	22	20803793	C	T	5.176840495201227e-07	6.285935215957126
22:21846241:T:C	6.84012e-06	0.00160787	-5.45986	-5.01654	22	21846241	T	C	5.261032711022626e-07	6.278928997922959
22:29544960:G:A	8.23131e-07	0.000130959	-5.06952	-5.00336	22	29544960	G	A	5.633958615279536e-07	6.24918634748545
22:20804591:T:A	1.03317e-07	3.15628e-05	-5.72194	-4.98681	22	20804591	T	A	6.138437832736332e-07	6.211942138132947
22:34506766:T:G	1.47807e-06	0.00227756	-7.34012	-4.98496	22	34506766	T	G	6.197463283701855e-07	6.207786037490019
22:31173250:TA:T	1.11864e-05	0.00340691	-5.71887	-4.98393	22	31173250	TA	T	6.230562783670351e-07	6.205472723356286
22:20801084:G:A	1.17241e-07	3.56117e-05	-5.7162	-4.98144	22	20801084	G	A	6.311285357353082e-07	6.1998821832664985
22:29081704:A:C	3.16831e-05	0.0157574	-6.20928	-4.97997	22	29081704	A	C	6.359413047690062e-07	6.196582966413325
22:33387774:C:T	7.01342e-05	0.0206155	-5.68339	-4.97619	22	33387774	C	T	6.484799705172961e-07	6.188103433347287
22:19110324:T:A	9.22823e-05	0.038328	-6.02908	-4.97368	22	19110324	T	A	6.569371782661297e-07	6.182476159263416
22:33394199:CT:C	0.00012103	0.0253759	-5.34551	-4.972	22	33394199	CT	C	6.626570532917133e-07	6.178711175059744
22:19341828:G:A	1.58539e-06	0.000372394	-5.45912	-4.96851	22	19341828	G	A	6.746932149339821e-07	6.170893657314021
22:21835874:C:A	1.58061e-06	0.00234269	-7.30124	-4.95174	22	21835874	C	A	7.355283397552849e-07	6.13340058933723
22:19100426:C:T	4.56096e-06	0.00458835	-6.91374	-4.95172	22	19100426	C	T	7.356039533796057e-07	6.1333559453851105
22:19105926:G:A	2.13873e-05	0.0181441	-6.7433	-4.94906	22	19105926	G	A	7.457275771730365e-07	6.127419796305051
22:19350889:T:G	1.25434e-06	0.000580463	-6.13722	-4.94367	22	19350889	T	G	7.666543563628413e-07	6.115400392188954
22:19108571:TAAAAAAAAA:T	0.0153905	2.47133e-05	6.43416	4.94201	22	19108571	TAAAAAAAAA	T	7.732124887492745e-07	6.111701139962815
22:29860949:G:A	1.2103e-05	0.00353419	-5.67679	-4.93895	22	29860949	G	A	7.854434670554428e-07	6.1048850682044264
22:29994392:CAA:C	0.000352258	9.51254e-07	5.91434	4.93589	22	29994392	CAA	C	7.978606981702522e-07	6.098072927317155
22:20118581:T:C	0.00366663	3.02846e-06	7.09898	4.93328	22	20118581	T	C	8.086010891573176e-07	6.0922656780225095
22:20118546:C:A	0.00366663	3.02846e-06	7.09898	4.93328	22	20118546	C	A	8.086010891573176e-07	6.0922656780225095
22:33391286:A:G	0.021009	0.000317515	4.19218	4.93256	22	33391286	A	G	8.115883766397978e-07	6.090664181448135
22:20802583:C:T	1.64267e-05	1.1993e-07	4.91976	4.92974	22	20802583	C	T	8.233912576471975e-07	6.084393748433671
22:41798535:G:A	3.14993e-06	0.00453711	-7.27267	-4.92732	22	41798535	G	A	8.336516229972719e-07	6.079015399984227
22:29670507:TTGTGTG:T	0.00036031	1.17241e-06	5.7279	4.92455	22	29670507	TTGTGTG	T	8.455470751051035e-07	6.072862208421938
22:19104903:GAGA:G	0.0180349	1.68898e-05	6.97335	4.9153	22	19104903	GAGA	G	8.864660742886132e-07	6.052337880515609
22:29081623:C:T	3.31315e-05	0.015312	-6.13591	-4.91257	22	29081623	C	T	8.9890274483256e-07	6.046287293436262
22:20800462:C:T	9.31294e-08	0.000131675	-7.2541	-4.91146	22	20800462	C	T	9.040073072315343e-07	6.043828059040668
22:19105645:A:G	2.14608e-05	0.0174098	-6.69856	-4.90863	22	19105645	A	G	9.171482489342771e-07	6.037560458778947
22:34331706:T:C	5.21344e-06	0.00078905	-5.01959	-4.9081	22	34331706	T	C	9.196296360298319e-07	6.036387041581932
22:34331814:A:AT	4.68078e-06	0.00132653	-5.64686	-4.90695	22	34331814	A	AT	9.250360261356821e-07	6.033841353047717
22:42903704:T:C	2.80886e-06	0.000892613	-5.76137	-4.89735	22	42903704	T	C	9.71377319544147e-07	6.012612040982209
22:29082268:G:A	0.0155276	3.3087e-05	6.15123	4.89206	22	29082268	G	A	9.978601257972455e-07	6.0009303313095925
22:42902640:T:G	2.49914e-06	0.000784627	-5.74926	-4.88558	22	42902640	T	G	1.0312482170103684e-06	5.9866367893203
22:20929313:T:C	1.22623e-05	0.0113909	-6.83404	-4.88222	22	20929313	T	C	1.0489812881829936e-06	5.979232258719075
22:25157512:C:A	1.07822e-05	0.00336472	-5.74321	-4.87969	22	25157512	C	A	1.0625271857543024e-06	5.973659949303969
22:35884952:T:C	4.48811e-06	0.000719008	-5.07644	-4.87754	22	35884952	T	C	1.0741706996740675e-06	5.968926698118981
22:20932054:G:A	9.38662e-06	0.0129281	-7.22788	-4.87283	22	20932054	G	A	1.1001088213494447e-06	5.958564352865388
22:34328480:C:CAT	5.40093e-06	0.00113768	-5.35018	-4.86543	22	34328480	C	CAT	1.142082282427036e-06	5.942302605795325
22:42905894:A:C	3.49266e-06	0.00106509	-5.72015	-4.85728	22	42905894	A	C	1.1900924854893566e-06	5.92441928703021
22:43854690:A:G	8.22392e-06	0.00338534	-6.02016	-4.85446	22	43854690	A	G	1.2071523200328989e-06	5.918237926608501
22:33394155:A:T	0.000137902	0.025281	-5.21126	-4.85325	22	33394155	A	T	1.2145442344807868e-06	5.915586663286947
22:34336799:G:C	5.06665e-08	5.98329e-06	-4.77146	-4.85171	22	34336799	G	C	1.2240151234460498e-06	5.912213216186707
22:31765106:C:T	2.26262e-06	0.000833336	-5.90891	-4.85127	22	31765106	C	T	1.226734115450424e-06	5.9112495568374825
22:31765359:G:A	2.26262e-06	0.000833336	-5.90891	-4.85127	22	31765359	G	A	1.226734115450424e-06	5.9112495568374825
22:21837286:G:C	4.74195e-06	0.00174432	-5.90767	-4.85	22	21837286	G	C	1.2346147440183947e-06	5.908468540905605
22:42899265:C:T	1.71955e-06	0.000518813	-5.70948	-4.84692	22	42899265	C	T	1.2539296187968819e-06	5.901726839124078
22:19103418:CTTTTTTTTT:C	0.010807	1.10542e-05	6.88515	4.84361	22	19103418	CTTTTTTTTT	C	1.27501080925086e-06	5.894486133364847
22:25476625:A:C	5.96384e-06	0.000582582	-4.58175	-4.8336	22	25476625	A	C	1.3408587525121386e-06	5.872616968781821
22:20118118:A:T	3.02527e-06	0.00385953	-7.1513	-4.82362	22	20118118	A	T	1.4097588530357816e-06	5.850855169438658
22:29084036:G:T	0.0150593	3.49661e-05	6.06537	4.81946	22	29084036	G	T	1.4394730913507649e-06	5.841796449151377
22:20117706:C:CGGGTGGGAT	3.05175e-06	0.00385953	-7.14259	-4.81618	22	20117706	C	CGGGTGGGAT	1.463325323595359e-06	5.834659111649198
22:20928468:C:A	1.32988e-05	0.0113834	-6.75224	-4.8109	22	20928468	C	A	1.502521820962876e-06	5.823179212067352
22:21774717:C:CA	1.4667e-06	0.000519076	-5.86904	-4.81065	22	21774717	C	CA	1.5044025262355933e-06	5.822635945969356
22:21770751:A:C	3.78693e-06	0.000718989	-5.24629	-4.80718	22	21770751	A	C	1.5307415902565505e-06	5.815098117856762
22:19349074:A:G	1.36802e-06	0.000533767	-5.9666	-4.80062	22	19349074	A	G	1.5817515952192662e-06	5.8008617188763525
22:21599416:A:G	2.42662e-06	0.00173754	-6.57373	-4.79584	22	21599416	A	G	1.6199454698026372e-06	5.790499604323047
22:42896269:G:C	6.03873e-06	0.00153966	-5.54112	-4.79392	22	42896269	G	C	1.635535173266277e-06	5.786340111648325
22:35882693:T:G	6.08683e-06	0.000864997	-4.9566	-4.78014	22	35882693	T	G	1.7517316763238057e-06	5.756532416670454
22:19347290:C:G	1.31694e-06	0.000501519	-5.94233	-4.77623	22	19347290	C	G	1.7861209443123094e-06	5.748089136898158
22:31169543:C:CT	1.75334e-05	0.003644	-5.33673	-4.77059	22	31169543	C	CT	1.8368708942256377e-06	5.735921367317381
22:19109018:G:A	4.87708e-05	0.0170198	-5.855	-4.74932	22	19109018	G	A	2.041017673234616e-06	5.690153234698412
22:20928786:T:C	1.34141e-05	0.0106328	-6.67539	-4.74389	22	20928786	T	C	2.0965272342689055e-06	5.678499491659706
22:20926175:G:C	0.00652152	2.33469e-05	5.6324	4.74127	22	20926175	G	C	2.1238267002801466e-06	5.6728809236464155
22:25125688:C:T	3.69007e-06	0.00132912	-5.88663	-4.72025	22	25125688	C	T	2.355549551306146e-06	5.627907755517243
22:29667935:A:G	1.7985e-05	0.00582297	-5.78003	-4.71998	22	29667935	A	G	2.358678331278454e-06	5.627331282716005
22:20111364:C:CTT	1.10842e-05	0.00211173	-5.24974	-4.71766	22	20111364	C	CTT	2.3857276025352273e-06	5.622379144684639
22:48850031:T:C	0.0219859	0.000404951	3.99439	4.71354	22	48850031	T	C	2.434499082192682e-06	5.613590384847283
22:20111059:G:A	1.12856e-05	0.00210902	-5.23046	-4.69799	22	20111059	G	A	2.6273429227060184e-06	5.580483239083237
22:30356707:G:T	0.00087603	3.29028e-06	5.58443	4.69635	22	30356707	G	T	2.6485156690155347e-06	5.5769974533695565
22:20925517:A:G	0.00635683	2.38624e-05	5.58498	4.69454	22	20925517	A	G	2.672073235177218e-06	5.573151643053721
22:30620143:CT:C	0.0029119	3.21344e-06	6.80922	4.69246	22	30620143	CT	C	2.699393255124751e-06	5.56873384160518
22:48850935:T:C	0.0230572	0.000438064	3.96337	4.68219	22	48850935	T	C	2.838262188183663e-06	5.546947488504365
22:48850911:A:C	0.0230572	0.000438064	3.96337	4.68219	22	48850911	A	C	2.838262188183663e-06	5.546947488504365
22:30623247:G:GC	3.22237e-06	0.00115096	-5.87824	-4.67586	22	30623247	G	GC	2.92724265288973e-06	5.533541275364954
22:30623248:A:C	3.22237e-06	0.00115096	-5.87824	-4.67586	22	30623248	A	C	2.92724265288973e-06	5.533541275364954
22:34337360:AAAAAAAAAA:A	0.00192795	2.17214e-06	6.7885	4.67524	22	34337360	AAAAAAAAAA	A	2.9361004653833227e-06	5.532229088124116
22:43847590:T:C	1.94938e-05	0.0210857	-6.98625	-4.66403	22	43847590	T	C	3.1007614728560183e-06	5.50853164073033
22:20798280:C:T	1.0737e-07	0.000113599	-6.96415	-4.66371	22	20798280	C	T	3.1055895260559832e-06	5.507855946659396
22:19358477:G:T	1.53012e-06	0.000517695	-5.82404	-4.65976	22	19358477	G	T	3.1657828625599266e-06	5.4995188762159195
22:20559591:G:A	0.000531189	0.118484	-5.40742	-4.651	22	20559591	G	A	3.3032932879687182e-06	5.4810528650940125
22:28834803:A:G	5.79226e-06	0.00107057	-5.21943	-4.64649	22	28834803	A	G	3.3763049212892212e-06	5.471558338215422
22:19102701:C:CA	8.97737e-06	0.00917843	-6.9299	-4.63446	22	19102701	C	CA	3.578704213282322e-06	5.4462741953925695
22:42900318:A:C	2.13776e-06	0.000515528	-5.48543	-4.62918	22	42900318	A	C	3.671165571272134e-06	5.435196028171493
22:30725545:C:CA	3.75355e-06	0.00127023	-5.82425	-4.62627	22	30725545	C	CA	3.72309886863551e-06	5.429095430734949
22:42587776:C:A	1.21681e-05	0.00358907	-5.68683	-4.62505	22	42587776	C	A	3.7450804768000724e-06	5.426538845453255
22:28622536:GAAT:G	0.000501074	6.03174e-07	6.7223	4.62022	22	28622536	GAAT	G	3.833333530713197e-06	5.416423392004055
22:18086488:T:A	0.000744049	0.0741125	-4.60123	-4.61258	22	18086488	T	A	3.977013979193291e-06	5.400442882467417
22:31879367:T:C	2.95245e-06	0.000222003	-4.32005	-4.6101	22	31879367	T	C	4.024753265002667e-06	5.395260738633335
22:42901415:A:T	2.25605e-06	0.000532237	-5.46347	-4.60784	22	42901415	A	T	4.068735512921273e-06	5.390540540427407
22:34788072:CAT:C	0.00275209	3.43515e-06	6.68606	4.59009	22	34788072	CAT	C	4.4305493056937155e-06	5.353542426002095
22:49646842:A:AGAGGGAGGG	7.68644e-06	0.00759822	-6.89621	-4.58623	22	49646842	A	AGAGGGAGGG	4.513214012074714e-06	5.345514072183508
22:25388438:C:A	5.03362e-06	0.00481377	-6.8631	-4.57737	22	25388438	C	A	4.708582164918013e-06	5.327109846724757
22:42904004:C:A	4.64195e-06	0.000880042	-5.24483	-4.57481	22	42904004	C	A	4.7665235596969205e-06	5.3217982560308785
22:34331182:A:G	5.26955e-06	0.000704855	-4.89605	-4.57442	22	34331182	A	G	4.775410293605281e-06	5.320989308772648
22:45795354:GATTCT:G	0.000538901	2.13583e-06	5.53068	4.57373	22	45795354	GATTCT	G	4.791171866246364e-06	5.319558250092872
22:29553520:G:A	2.26541e-06	0.00147467	-6.47843	-4.57214	22	29553520	G	A	4.827681934382228e-06	5.316261350565777
22:49876661:T:C	0.000104685	1.56327e-06	4.20417	4.56313	22	49876661	T	C	5.039658709386546e-06	5.2975988734054384
22:17061500:T:TGA	0.0010047	7.79711e-06	4.85869	4.55398	22	17061500	T	TGA	5.264036285871492e-06	5.278681125720194
22:25388886:G:A	4.98841e-06	0.00457638	-6.82155	-4.54187	22	25388886	G	A	5.575742191506072e-06	5.253697315145834
22:43846222:C:T	2.25275e-05	0.0210863	-6.84165	-4.53907	22	43846222	C	T	5.650287799051037e-06	5.247929430701531
22:35892273:G:A	5.84229e-06	0.00101658	-5.15908	-4.53564	22	35892273	G	A	5.742906758871904e-06	5.240868234813409
22:19348091:C:A	0.000509404	1.35466e-06	5.92969	4.53474	22	19348091	C	A	5.76744874037891e-06	5.239016256688882
22:19363926:G:A	4.8346e-06	0.00256287	-6.27309	-4.5242	22	19363926	G	A	6.062437673938238e-06	5.217352713215056
22:27876340:G:A	2.62146e-05	0.00447089	-5.13903	-4.51538	22	27876340	G	A	6.320332854845897e-06	5.199260049373264
22:24042784:C:T	1.21386e-05	0.0110491	-6.81372	-4.51494	22	24042784	C	T	6.333469476773055e-06	5.19835831812855
22:42588902:C:T	1.39958e-05	0.00369608	-5.57627	-4.51242	22	42588902	C	T	6.409211236941085e-06	5.193195414556347
22:42589157:C:A	1.4017e-05	0.00369608	-5.57475	-4.51088	22	42589157	C	A	6.455923684542651e-06	5.190041612049602
22:20934613:C:T	1.88048e-05	0.0113834	-6.4058	-4.50881	22	20934613	C	T	6.5192258984428186e-06	5.185803969911275
22:49896346:C:T	0.000164759	3.98768e-06	3.72127	4.50612	22	49896346	C	T	6.602375869706315e-06	5.180299755150702
22:20932655:CAG:C	0.00668006	9.23184e-06	6.58422	4.50546	22	20932655	CAG	C	6.622931447912027e-06	5.178949740189049
22:43845646:G:T	2.34786e-05	0.0210863	-6.80029	-4.50334	22	43845646	G	T	6.689373437258924e-06	5.174614558687242
22:20933355:A:G	1.8995e-05	0.0113834	-6.39574	-4.50004	22	20933355	A	G	6.794067665247926e-06	5.167870132105754
22:20559470:G:A	0.000589346	0.0563737	-4.56074	-4.49744	22	20559470	G	A	6.877656108793044e-06	5.162559543225743
22:29857267:G:T	1.60232e-05	0.00490595	-5.72417	-4.49717	22	29857267	G	T	6.886392610194602e-06	5.162008220728004
22:41269739:C:CA	1.46719e-05	0.00446317	-5.71768	-4.49093	22	41269739	C	CA	7.091285597679246e-06	5.149275023298652
22:24050151:T:G	2.11691e-06	0.00182727	-6.76062	-4.48981	22	24050151	T	G	7.128673138799082e-06	5.146991297935386
22:28622827:A:AT	6.12978e-07	0.000528284	-6.75906	-4.48848	22	28622827	A	AT	7.17331572020765e-06	5.144280054076521
22:25373257:C:A	1.48052e-05	0.0127534	-6.75858	-4.48807	22	25373257	C	A	7.187131549463272e-06	5.143444405973481
22:25373253:C:A	1.48052e-05	0.0127534	-6.75858	-4.48807	22	25373253	C	A	7.187131549463272e-06	5.143444405973481
22:20116778:T:C	1.02745e-05	0.00309959	-5.70936	-4.48291	22	20116778	T	C	7.3631989229960745e-06	5.13293346653504
22:29085971:C:CA	5.20075e-05	0.0148663	-5.65546	-4.47121	22	29085971	C	CA	7.777827674343627e-06	5.109141683316449
22:40293375:G:A	4.28126e-05	0.00688329	-5.08002	-4.45575	22	40293375	G	A	8.36004094853456e-06	5.077791595326648
22:31170425:G:C	2.38029e-05	0.00366877	-5.03781	-4.45434	22	31170425	G	C	8.41516562667182e-06	5.074937331851942
22:20932274:C:A	1.91389e-05	0.0108328	-6.33861	-4.45023	22	20932274	C	A	8.577837418103278e-06	5.06662218951333
22:30620996:T:G	0.000439352	4.93047e-06	4.48987	4.44526	22	30620996	T	G	8.778563375906359e-06	5.056576551174326
22:29670506:TTGTG:T	0.0025101	1.38448e-05	5.20017	4.43316	22	29670506	TTGTG	T	9.28618993653541e-06	5.032162437669022
22:31171795:A:C	0.00364466	2.42825e-05	5.01126	4.43285	22	31171795	A	C	9.299556677893139e-06	5.03153775434217
22:41537091:G:T	7.61086e-06	0.00114559	-5.0141	-4.42926	22	41537091	G	T	9.455697328570047e-06	5.024306437756774
22:42830272:C:CA	0.00235345	1.49368e-05	5.05981	4.41769	22	42830272	C	CA	9.976136371057613e-06	5.001037622802066
22:41801266:T:C	3.85847e-06	0.000763404	-5.28752	-4.41762	22	41801266	T	C	9.979366820657798e-06	5.000897013323648
22:41801073:A:AAAAG	3.85847e-06	0.000763404	-5.28752	-4.41762	22	41801073	A	AAAAG	9.979366820657798e-06	5.000897013323648
22:31760166:C:T	4.36499e-06	0.00342475	-6.66517	-4.40825	22	31760166	C	T	1.0420921660501142e-05	4.982093868908987
22:19102857:T:G	1.02244e-05	0.00547619	-6.28339	-4.40208	22	19102857	T	G	1.0721800572846481e-05	4.969732274980307
22:21845139:C:CA	9.50052e-06	0.00224592	-5.46552	-4.39961	22	21845139	C	CA	1.0844559644571816e-05	4.964788078303114
22:28798611:CT:C	1.73854e-06	0.000200647	-4.7485	-4.39767	22	28798611	CT	C	1.0941917471734152e-05	4.960906565166813
22:43855446:G:A	7.14532e-06	0.00137989	-5.2633	-4.39374	22	43855446	G	A	1.1141705950094642e-05	4.953048307547412
22:43855613:G:A	7.14532e-06	0.00137989	-5.2633	-4.39374	22	43855613	G	A	1.1141705950094642e-05	4.953048307547412
22:20741056:G:A	1.00884e-06	0.00018987	-5.23754	-4.38826	22	20741056	G	A	1.1426113055197164e-05	4.942101483145645
22:41536789:C:A	7.87909e-06	0.00113017	-4.96591	-4.37828	22	41536789	C	A	1.1961960730143733e-05	4.9221976276645805
22:40626870:A:AACACAC	1.19361e-05	0.00537667	-6.11025	-4.37708	22	40626870	A	AACACAC	1.2027983571331532e-05	4.919807173761155
22:33390689:GTT:G	0.000151675	0.0219749	-4.97592	-4.37667	22	33390689	GTT	G	1.2050620980944481e-05	4.918990572869298
22:42588458:CAA:C	0.00155484	1.10861e-05	4.94344	4.36815	22	42588458	CAA	C	1.2530342487532404e-05	4.902037058422236
22:49875607:T:G	0.000110042	2.04374e-06	3.98608	4.36521	22	49875607	T	G	1.2700068964557601e-05	4.896193920709752
22:30623470:A:G	4.73025e-06	0.000879928	-5.22586	-4.35681	22	30623470	A	G	1.3197173220440302e-05	4.879519082902803
22:19346638:G:T	1.28748e-06	0.000654178	-6.2307	-4.35613	22	19346638	G	T	1.3238217096424023e-05	4.878170501099008
22:30352038:T:C	0.000865145	4.58873e-06	5.23929	4.3539	22	30352038	T	C	1.3373673072583627e-05	4.873749297594046
22:30621753:G:T	4.77632e-06	0.00119747	-5.52429	-4.35071	22	30621753	G	T	1.3569742403001922e-05	4.867428396556671
22:30622790:G:A	0.000364631	4.78644e-06	4.3331	4.34638	22	30622790	G	A	1.3840271302527691e-05	4.8588553965818715
22:30621356:T:C	4.81572e-06	0.00120004	-5.51822	-4.34513	22	30621356	T	C	1.3919320519730374e-05	4.85638196456268
22:30621416:C:T	4.80898e-06	0.00119747	-5.51748	-4.34445	22	30621416	C	T	1.3962503955777582e-05	4.855036690834463
22:43849299:G:T	1.65763e-05	0.0123656	-6.61469	-4.34296	22	43849299	G	T	1.4057573666027179e-05	4.852089631975395
22:20740065:CAAA:C	0.000182275	1.0248e-06	5.18102	4.33951	22	20740065	CAAA	C	1.4280076897369806e-05	4.845269453903439
22:30622830:C:T	4.73767e-06	0.00116656	-5.50627	-4.33415	22	30622830	C	T	1.4632438269132694e-05	4.834683299397728
22:30622659:C:T	4.73767e-06	0.00116656	-5.50627	-4.33415	22	30622659	C	T	1.4632438269132694e-05	4.834683299397728
22:30622574:T:G	4.74104e-06	0.00116656	-5.50556	-4.3335	22	30622574	T	G	1.4675728068938523e-05	4.8334003440170425
22:29859691:A:AC	0.00319194	1.96541e-05	5.0901	4.33067	22	29859691	A	AC	1.4865632627437e-05	4.8278166040669275
22:43848741:A:G	1.6871e-05	0.0123656	-6.59707	-4.32773	22	43848741	A	G	1.5065399061901919e-05	4.822019359968948
22:33096567:GTTTT:G	0.0590433	0.000245682	5.48199	4.32625	22	33096567	GTTTT	G	1.5166927778493319e-05	4.819102381241715
22:37773177:GTGGTTGGT:G	0.00236641	7.84462e-06	5.7093	4.31981	22	37773177	GTGGTTGGT	G	1.5616359580080353e-05	4.806420199559121
22:43852721:C:T	8.98961e-06	0.00159836	-5.18066	-4.31223	22	43852721	C	T	1.6161618239267435e-05	4.791515156111044
22:17058090:C:G	0.000255298	8.07207e-06	3.45402	4.30791	22	17058090	C	G	1.64804413932144e-05	4.783031160838522
22:28637005:GT:G	0.000485311	1.53458e-05	3.45395	4.30783	22	28637005	GT	G	1.648640167999363e-05	4.782874123072957
22:20697571:G:A	2.07608e-05	0.00474358	-5.43148	-4.30389	22	20697571	G	A	1.6782501345143148e-05	4.775143309333673
22:26702399:TACACACACA:T	0.0147557	8.29643e-05	5.18098	4.29643	22	26702399	TACACACACA	T	1.735707435051715e-05	4.760523476193157
22:23996954:G:C	0.000139322	0.0660581	-6.1615	-4.29579	22	23996954	G	C	1.740723103696882e-05	4.759270306481993
22:19103740:TA:T	0.00893103	1.59585e-05	6.3273	4.29192	22	19103740	TA	T	1.7713477193989897e-05	4.751696177492472
22:19360207:C:T	3.85937e-06	0.00262213	-6.52124	-4.28528	22	19360207	C	T	1.8250917738468523e-05	4.738715292372897
22:29679865:C:CA	6.2461e-06	0.00431245	-6.53731	-4.27608	22	29679865	C	CA	1.9021289460247275e-05	4.720760045417106
22:19105192:G:A	1.66035e-05	0.011118	-6.50671	-4.27286	22	19105192	G	A	1.9298163074494664e-05	4.71448402801698
22:18094572:T:C	0.0403505	0.00131893	3.42079	4.27162	22	18094572	T	C	1.9405805448581022e-05	4.712068326919599
22:30352414:A:G	4.471e-06	0.000926086	-5.33336	-4.26498	22	30352414	A	G	1.9992010915847796e-05	4.699143519752196
22:30350415:A:G	9.83143e-06	0.00449961	-6.12616	-4.26498	22	30350415	A	G	1.9992010915847796e-05	4.699143519752196
22:40629755:G:A	2.49838e-05	0.0169664	-6.52076	-4.26179	22	40629755	G	A	2.0279596809422286e-05	4.692940683716596
22:34498914:A:G	4.44014e-06	0.00101014	-5.42716	-4.25842	22	34498914	A	G	2.0587687059225185e-05	4.686392441815135
22:34332241:C:G	5.98892e-06	0.000923063	-5.03779	-4.25588	22	34332241	C	G	2.082283734604688e-05	4.681460093280139
22:34331843:G:C	0.00150674	5.37695e-06	5.63558	4.2551	22	34331843	G	C	2.0895560564692242e-05	4.67994597355663
22:29017797:A:G	4.13763e-05	0.00332844	-4.38755	-4.25427	22	29017797	A	G	2.0973211057292154e-05	4.678335072743846
22:43849201:T:C	1.67611e-05	0.0109603	-6.48297	-4.25258	22	43849201	T	C	2.1132168681600565e-05	4.675055931337552
22:39749836:A:G	0.000113264	0.0256134	-5.42115	-4.25238	22	39749836	A	G	2.1151055953413765e-05	4.674667945863737
22:22902089:T:C	6.33104e-06	0.00413606	-6.48203	-4.25178	22	22902089	T	C	2.1207814240551294e-05	4.673504089247843
22:29084761:T:A	2.96399e-05	0.0193102	-6.47927	-4.24941	22	29084761	T	A	2.143343019290197e-05	4.668908319175792
22:34658598:G:A	2.74556e-06	0.000143022	-3.95301	-4.24912	22	34658598	G	A	2.146119358686208e-05	4.668346127953813
22:30352285:A:C	4.48124e-06	0.000913817	-5.31773	-4.24906	22	30352285	A	C	2.1466942009981247e-05	4.668229816894854
22:30052535:A:G	0.0013676	1.01553e-05	4.90281	4.24712	22	30052535	A	G	2.1653599536256945e-05	4.664469899366309
22:20934807:A:AT	1.36284e-05	0.00884313	-6.47524	-4.24598	22	20934807	A	AT	2.1764004482837472e-05	4.662261193312385
22:19350110:G:A	2.28721e-06	0.000509404	-5.40591	-4.23706	22	19350110	G	A	2.2646563378484577e-05	4.644997692944697
22:23997586:G:C	0.000149085	0.0660581	-6.09377	-4.23673	22	23997586	G	C	2.2679858704831746e-05	4.644359655418595
22:29084964:G:A	3.03632e-05	0.0193102	-6.45516	-4.22882	22	29084964	G	A	2.3492020022362367e-05	4.629079637677634
22:48848964:CAA:C	0.0157954	0.000470464	3.51375	4.22788	22	48848964	CAA	C	2.359035428928727e-05	4.627265536658828
22:49987229:T:A	9.47986e-05	0.0217978	-5.43781	-4.22146	22	49987229	T	A	2.4272503182135367e-05	4.614885433304228
22:29085617:T:G	3.0665e-05	0.0193102	-6.44526	-4.22036	22	29085617	T	G	2.4391249521838224e-05	4.612765950955669
22:30357668:AT:A	4.52426e-06	0.000715806	-5.06396	-4.21957	22	30357668	AT	A	2.4476871757195837e-05	4.611244087564063
22:41536770:A:G	0.000958898	7.99028e-06	4.78756	4.21943	22	41536770	A	G	2.4492075113875618e-05	4.610974417311935
22:33092805:G:A	0.00022537	0.0489576	-5.38097	-4.21904	22	33092805	G	A	2.4534474707562338e-05	4.610223235993612
22:19104464:C:A	1.62762e-05	0.0102277	-6.44315	-4.21856	22	19104464	C	A	2.4586754685748347e-05	4.609298791923559
22:41537833:G:A	8.19904e-06	0.00110389	-4.90258	-4.21803	22	41537833	G	A	2.4644603605253003e-05	4.608278162838361
22:48847021:ACACTT:A	0.0155832	0.000471626	3.49776	4.21172	22	48847021	ACACTT	A	2.5343356426719032e-05	4.596135868494698
22:42831266:T:G	1.51173e-05	0.00236635	-5.05326	-4.20917	22	42831266	T	G	2.5631049314033027e-05	4.591233613793674
22:45784440:T:C	0.00277263	6.20782e-06	6.10174	4.20694	22	45784440	T	C	2.588518309146845e-05	4.586948758812965
22:30051817:T:A	8.7138e-06	0.00128025	-4.9899	-4.20469	22	30051817	T	A	2.6144023848457808e-05	4.582627568986077
22:20933623:A:G	4.14338e-05	0.00808244	-5.27335	-4.20386	22	20933623	A	G	2.624012737078037e-05	4.5810340612059495
22:29085909:C:T	3.12677e-05	0.0193102	-6.4258	-4.20373	22	29085909	C	T	2.6255210128032523e-05	4.580784501578797
22:49597749:GTGATGATGA:G	0.00279112	1.06031e-05	5.57305	4.20022	22	49597749	GTGATGATGA	G	2.666557506046609e-05	4.5740490460372
22:29859429:G:A	1.18837e-05	0.00503471	-6.04894	-4.19764	22	29859429	G	A	2.6971092433461065e-05	4.569101462586205
22:29085931:A:G	3.15052e-05	0.0193102	-6.41824	-4.19727	22	29085931	A	G	2.7015178897095042e-05	4.568392152175722
22:18087409:T:G	0.000999516	0.0680765	-4.22112	-4.19276	22	18087409	T	G	2.755809510819959e-05	4.55975080536343
22:18087398:C:G	0.000999516	0.0680765	-4.22112	-4.19276	22	18087398	C	G	2.755809510819959e-05	4.55975080536343
22:29084143:AT:A	0.0183086	0.000109167	5.12225	4.18818	22	29084143	AT	A	2.812004532664293e-05	4.550983983613272
22:18095830:C:CT	0.0330427	0.00113985	3.3669	4.18777	22	18095830	C	CT	2.8170878741014073e-05	4.550199605750429
22:31762632:G:A	3.97229e-06	0.000761199	-5.25555	-4.18572	22	31762632	G	A	2.842635897516921e-05	4.546278763885289
22:20697977:G:C	2.14323e-05	0.00427049	-5.29458	-4.17979	22	20697977	G	C	2.917784145276034e-05	4.534946839921315
22:40016547:G:C	7.23823e-05	0.00722614	-4.6035	-4.17704	22	40016547	G	C	2.9532710679854305e-05	4.529696689192229
22:49877259:ATTATTTATT:A	8.40703e-05	1.93708e-06	3.77047	4.16954	22	49877259	ATTATTTATT	A	3.0521504650684225e-05	4.5153940603180125
22:33096290:C:T	0.00027405	0.0563658	-5.3263	-4.16883	22	33096290	C	T	3.061672345611742e-05	4.514041288525667
22:20557966:C:T	0.000693198	0.0980608	-4.95203	-4.16421	22	20557966	C	T	3.124324552840562e-05	4.5052438582177485
22:33095867:T:C	0.000263932	0.0540085	-5.32121	-4.16414	22	33095867	T	C	3.1252831324759654e-05	4.505110631983288
22:19095478:G:A	1.84584e-06	0.000752424	-6.01037	-4.16401	22	19095478	G	A	3.127064093273354e-05	4.504863217231745
22:18094763:T:TTTTTC	0.000843108	0.0559312	-4.19478	-4.16368	22	18094763	T	TTTTTC	3.1315893258316186e-05	4.504235195917813
22:43848422:C:A	1.86995e-05	0.0109603	-6.37354	-4.15907	22	43848422	C	A	3.195459690223729e-05	4.495466656576955
22:17714406:G:C	7.58969e-05	0.0106712	-4.94593	-4.15769	22	17714406	G	C	3.21481867792016e-05	4.492843517109721
22:41537965:A:AT	5.84278e-06	0.0020555	-5.86307	-4.15373	22	41537965	A	AT	3.27099110225483e-05	4.48532063724062
22:19362117:G:A	4.50824e-06	0.00262213	-6.36584	-4.1525	22	19362117	G	A	3.288627542046739e-05	4.48298531034023
22:33098047:C:T	0.000292817	0.0591106	-5.30762	-4.15166	22	33098047	C	T	3.300723810822761e-05	4.481390813886537
22:34332188:C:T	6.07457e-06	0.000849049	-4.94001	-4.15136	22	34332188	C	T	3.305054140724229e-05	4.480821421859069
22:17061644:G:T	8.17041e-06	0.000968682	-4.77542	-4.14797	22	17061644	G	T	3.354363405713011e-05	4.474389888496093
22:41536866:C:CA	7.83877e-06	0.000977757	-4.82618	-4.13838	22	41536866	C	CA	3.4976672852985885e-05	4.456221505043516
22:28792564:T:TA	0.000303439	5.72314e-06	3.97066	4.13556	22	28792564	T	TA	3.540900797778686e-05	4.450886240307919
22:20739623:CTGACCCAAG:C	0.000645502	5.71371e-06	4.72716	4.12682	22	20739623	CTGACCCAAG	C	3.6781406348319257e-05	4.434371669398157
22:31680933:G:A	5.08089e-06	0.00291424	-6.35188	-4.11585	22	31680933	G	A	3.857551309119994e-05	4.413688288694629
22:31313323:A:C	2.47918e-06	0.000523342	-5.35231	-4.10954	22	31313323	A	C	3.9644804209874735e-05	4.401813722617274
22:30051702:G:A	1.04515e-05	0.00139234	-4.892	-4.10004	22	30051702	G	A	4.1307873478045715e-05	4.383967161850374
22:29807844:G:A	1.22954e-05	0.00162649	-4.88495	-4.0925	22	29807844	G	A	4.267472444537016e-05	4.369829274483681
22:31269876:A:G	4.11743e-06	0.00229367	-6.32268	-4.09062	22	31269876	A	G	4.302215391644305e-05	4.366307850326778
22:19414784:A:G	0.00060355	2.59927e-06	5.4476	4.0901	22	19414784	A	G	4.3118724140135404e-05	4.365334098171423
22:33093749:G:A	0.000294687	0.0554779	-5.23783	-4.08755	22	33093749	G	A	4.359527377486796e-05	4.360560590656925
22:29675478:A:AT	5.73953e-06	0.000754431	-4.87859	-4.0857	22	29675478	A	AT	4.394412834750789e-05	4.357099145542017
22:34331384:G:A	6.67643e-06	0.00056107	-4.43126	-4.08562	22	34331384	G	A	4.395927351869158e-05	4.356949493442143
22:46400606:A:C	0.0144584	0.000817786	2.87243	4.08374	22	46400606	A	C	4.4316613601335466e-05	4.353433433082035
22:49602408:T:C	5.74364e-06	0.00317207	-6.31405	-4.08316	22	49602408	T	C	4.442741177581181e-05	4.352348986876716
22:30051316:A:G	9.66186e-06	0.00126297	-4.87303	-4.07977	22	30051316	A	G	4.508028198675341e-05	4.346013376013066
22:18097558:T:C	0.0302688	0.00115167	3.2689	4.07954	22	18097558	T	C	4.512490504873745e-05	4.345583698922358
22:34332758:T:TAACA	4.31045e-06	0.00229037	-6.27542	-4.07525	22	34332758	T	TAACA	4.5964939519114067e-05	4.337573306993642
22:21841117:T:C	6.84394e-05	2.37501e-06	3.36095	4.07347	22	21841117	T	C	4.631782017848474e-05	4.3342518876815666
22:19096604:A:T	2.25502e-06	0.000452454	-5.30153	-4.06346	22	19096604	A	T	4.8350611170589e-05	4.315598031894594
22:33094084:T:C	0.000304581	0.0557777	-5.21019	-4.06216	22	33094084	T	C	4.862073271269255e-05	4.313178500641151
22:21836348:TCAAA:T	0.000814008	3.68288e-06	5.39828	4.06112	22	21836348	TCAAA	T	4.883785937316364e-05	4.311243380001453
22:42905737:C:T	3.37793e-06	0.00176511	-6.2587	-4.06096	22	42905737	C	T	4.887134495044793e-05	4.310945708925162
22:31770548:A:AT	1.17987e-06	0.000198571	-5.12575	-4.0535	22	31770548	A	AT	5.045699992516956e-05	4.297078575353875
22:26484955:G:T	3.095e-05	0.00394414	-4.84761	-4.05259	22	26484955	G	T	5.065372794643949e-05	4.295388586493463
22:18088242:G:A	0.00112958	0.0675233	-4.09063	-4.04864	22	18088242	G	A	5.1516114718537044e-05	4.288056898364229
22:43843870:G:T	3.84434e-05	0.0203457	-6.27144	-4.04634	22	43843870	G	T	5.202465481697044e-05	4.2837907926460295
22:49600504:C:T	7.65126e-06	0.00270118	-5.86657	-4.03863	22	49600504	C	T	5.37642938244829e-05	4.2695060541318215
22:22066446:C:CAA	0.000814604	0.0847204	-4.64441	-4.03815	22	22066446	C	CAA	5.387440089725049e-05	4.268617546315479
22:29809238:AT:A	0.0019713	1.80384e-05	4.69395	4.03337	22	29809238	AT	A	5.498260373463455e-05	4.259774697726288
22:18097058:C:T	0.000785119	0.0461757	-4.07437	-4.03069	22	18097058	C	T	5.561335248439861e-05	4.254820923991796
22:21845236:AT:A	1.33784e-05	0.000963667	-4.27711	-4.02692	22	21845236	AT	A	5.651224940044543e-05	4.247857405801401
22:18098647:GA:G	0.0434691	0.000786946	4.01165	4.02674	22	18098647	GA	G	5.655550993915647e-05	4.247525077394561
22:31680969:A:C	5.11203e-06	0.00263909	-6.24659	-4.02487	22	31680969	A	C	5.700679847451213e-05	4.24407334846956
22:34340795:G:A	3.30299e-06	0.000338314	-4.62915	-4.022	22	34340795	G	A	5.7706057925627625e-05	4.238778592640263
22:20737636:C:CTT	6.60227e-06	0.000851023	-4.85902	-4.02041	22	20737636	C	CTT	5.809694159444772e-05	4.235846729634037
22:19368669:T:C	5.5023e-06	0.00166505	-5.71244	-4.01764	22	19368669	T	C	5.87839114373997e-05	4.230741519672693
22:49595555:ATGG:A	0.00425623	1.20419e-05	5.86775	4.01677	22	49595555	ATGG	A	5.900125723214195e-05	4.229138734066935
22:18089340:T:A	0.00115873	0.067294	-4.06174	-4.01674	22	18089340	T	A	5.9008765471086624e-05	4.229083471188881
22:38502046:T:C	0.000155134	0.00946688	-4.11126	-4.01264	22	38502046	T	C	6.004344690982298e-05	4.221534384201143
22:42589304:G:A	2.28896e-05	0.00369608	-5.08435	-4.01133	22	42589304	G	A	6.0377645568242406e-05	4.219123826335389
22:29996783:A:G	7.35005e-06	0.00118517	-5.08293	-4.00989	22	29996783	A	G	6.074704086523206e-05	4.216474872745312
22:19369268:G:A	5.56047e-06	0.00166505	-5.70193	-4.00813	22	19369268	G	A	6.120143018796882e-05	4.213238428908597
22:25366371:G:A	2.79778e-05	0.0140841	-6.22139	-4.00309	22	25366371	G	A	6.252050447890837e-05	4.203977526309885
22:40626866:A:AACAC	1.96568e-06	0.000246925	-4.83325	-3.99535	22	40626866	A	AACAC	6.459874729355754e-05	4.189775903812508
22:31695591:A:G	1.17238e-05	0.0021275	-5.20108	-3.99353	22	31695591	A	G	6.509683805570296e-05	4.186440105875898
22:29087570:GT:G	0.0141072	8.71162e-05	5.0872	3.99248	22	29087570	GT	G	6.538584929884746e-05	4.18451623082535
22:29086028:G:GT	3.69862e-05	0.0108767	-5.68383	-3.99178	22	29086028	G	GT	6.557919767081716e-05	4.183233901013227
22:18092946:G:C	0.0421742	0.00178251	3.16379	3.991	22	18092946	G	C	6.579528036081211e-05	4.181805258160654
22:49876922:A:G	1.49325e-06	0.000102949	-4.23328	-3.98815	22	49876922	A	G	6.659055610905771e-05	4.176587358225241
22:49877136:G:A	1.49325e-06	0.000102824	-4.23207	-3.98708	22	49877136	G	A	6.689147533323648e-05	4.174629225305885
22:24378450:C:T	5.12096e-06	0.00252996	-6.20262	-3.98687	22	24378450	C	T	6.695068510898329e-05	4.174244974476788
22:21836586:C:T	0.000814008	4.03086e-06	5.30799	3.98065	22	21836586	C	T	6.87270799413221e-05	4.162872107892351
22:28829535:G:A	5.70152e-06	0.000724052	-4.84413	-3.9803	22	28829535	G	A	6.882835159471307e-05	4.1622326314617055
22:41536319:C:T	9.16923e-06	0.000982631	-4.67438	-3.98014	22	41536319	C	T	6.88746942182893e-05	4.1619403162650865
22:33092418:C:T	0.000281108	0.0469814	-5.11877	-3.97818	22	33092418	C	T	6.944479257418377e-05	4.15836031495283
22:19348559:G:A	1.29058e-06	0.000611246	-6.16041	-3.97697	22	19348559	G	A	6.979896682598955e-05	4.156151005816559
22:27872419:T:A	2.68441e-05	0.00427535	-5.07058	-3.97671	22	27872419	T	A	6.987529311342465e-05	4.155676357319819
22:26483125:G:A	3.31745e-05	0.00393745	-4.77651	-3.97659	22	26483125	G	A	6.991054725686505e-05	4.15545729821849
22:31515544:CTG:C	3.75421e-06	0.00177728	-6.15996	-3.97659	22	31515544	CTG	C	6.991054725686505e-05	4.15545729821849
22:19352112:T:C	3.09956e-06	0.000532202	-5.14576	-3.97558	22	19352112	T	C	7.02079371953952e-05	4.153613786939942
22:30076759:C:T	8.68387e-06	0.0010191	-4.76521	-3.96451	22	30076759	C	T	7.354686384172229e-05	4.133435841566951
22:49876567:A:G	1.56327e-06	0.000104793	-4.20521	-3.96332	22	49876567	A	G	7.391459874863591e-05	4.131269776357309
22:34335041:G:A	0.000701734	5.35362e-06	4.87578	3.95552	22	34335041	G	A	7.636835863982679e-05	4.117086543446456
22:28792052:A:T	0.000289744	6.58577e-06	3.78409	3.95296	22	28792052	A	T	7.719034472887493e-05	4.112437019524534
22:48850974:C:T	0.000418231	0.0238798	-4.04475	-3.94931	22	48850974	C	T	7.837679432006184e-05	4.105812503521591
22:20115666:T:C	0.00385953	1.0415e-05	5.91506	3.9493	22	20115666	T	C	7.838006842335465e-05	4.105794361732216
22:20936072:A:G	0.00840834	6.73104e-05	4.82766	3.94828	22	20936072	A	G	7.87147070533532e-05	4.103944116492425
22:41535006:T:C	0.00087959	9.74011e-06	4.5032	3.94814	22	41535006	T	C	7.876074312515592e-05	4.103690194849409
22:48852486:C:T	0.000434288	0.0247351	-4.04227	-3.94694	22	48852486	C	T	7.915638348298302e-05	4.101514056169322
22:49881677:T:C	3.93482e-05	2.55215e-06	2.73551	3.94612	22	49881677	T	C	7.94278175206017e-05	4.1000273706217225
22:20923183:A:G	0.00621684	5.02063e-05	4.81888	3.93962	22	20923183	A	G	8.161077323769287e-05	4.088252507314117
22:29087727:G:A	8.74412e-05	0.0140081	-5.07643	-3.93928	22	29087727	G	A	8.172650515544425e-05	4.087637072280975
22:29087792:C:T	8.76787e-05	0.0140081	-5.07371	-3.93679	22	29087792	C	T	8.257881133945122e-05	4.083131372762268
22:29556027:CAG:C	0.000648868	6.53022e-06	4.59879	3.93599	22	29556027	CAG	C	8.285442302110217e-05	4.081684302665459
22:19098670:G:A	0.000328361	7.27335e-06	3.8099	3.93545	22	19098670	G	A	8.304095212551622e-05	4.080707679961812
22:33945517:C:T	0.000906267	0.0671791	-4.30578	-3.93129	22	33945517	C	T	8.449128000836608e-05	4.073188110454623
22:29087885:G:T	8.83836e-05	0.0140081	-5.06571	-3.92943	22	29087885	G	T	8.514745854464929e-05	4.069828310197055
22:28803157:T:C	4.65631e-06	0.00127727	-5.61426	-3.92892	22	28803157	T	C	8.532821791807771e-05	4.068907324523543
22:20732569:T:C	0.00144343	1.61027e-05	4.49579	3.92451	22	20732569	T	C	8.690644947824203e-05	4.06094799260914
22:29552513:C:T	2.3809e-06	0.000240641	-4.61583	-3.9191	22	29552513	C	T	8.888023508630344e-05	4.051194805366139
22:34336032:C:G	5.8403e-06	0.000542045	-4.53057	-3.91771	22	34336032	C	G	8.939415900479354e-05	4.048690856985506
22:19099554:A:G	0.000330597	7.47952e-06	3.78873	3.91449	22	19099554	A	G	9.059549212564266e-05	4.042893411524784
22:48857655:T:C	0.0513288	0.00136536	3.62683	3.90784	22	48857655	T	C	9.312494062945593e-05	4.030933991122125
22:48850646:T:C	0.000433105	0.0230572	-3.97475	-3.90728	22	48850646	T	C	9.334096437175952e-05	4.0299277164231135
22:20934583:T:C	1.53612e-05	0.00668006	-6.07504	-3.90403	22	20934583	T	C	9.460404629650377e-05	4.024090288052087
22:24374272:G:A	6.60739e-06	0.000970413	-4.98953	-3.90325	22	24374272	G	A	9.49095786211993e-05	4.022689954776019
22:29755741:C:CACTT	0.0129716	0.000104662	4.81978	3.90266	22	29755741	C	CACTT	9.51413051227594e-05	4.021630895340703
22:43744894:T:G	5.74045e-06	0.00256965	-6.10399	-3.90164	22	43744894	T	G	9.554317772883914e-05	4.019800318347314
22:40370354:CA:C	0.00100913	8.49461e-06	4.77741	3.89876	22	40370354	CA	C	9.668654666553668e-05	4.014633951102005
22:19368429:A:AT	5.64188e-06	0.00149473	-5.57948	-3.8975	22	19368429	A	AT	9.719082235269845e-05	4.012374743198849
22:49913292:C:T	0.0029131	0.000163938	2.87749	3.89233	22	49913292	C	T	9.92860683502906e-05	4.00311168668152
22:29675369:C:T	3.93416e-06	0.000649575	-5.10662	-3.88658	22	29675369	C	T	0.00010166643170273295	3.992822419080986
22:21837169:T:C	3.97363e-06	0.00117712	-5.69115	-3.88566	22	21837169	T	C	0.00010205225279346656	3.99117740383402
22:17715561:C:G	0.000101683	0.0110355	-4.68702	-3.88092	22	17715561	C	G	0.00010406206970851409	3.9827075405959698
22:18096995:C:A	0.000795967	0.0454005	-4.04372	-3.87885	22	18096995	C	A	0.00010495144252618303	3.979011587792816
22:48853341:A:AGGTGGAGG	0.000472107	0.0249106	-3.96584	-3.87416	22	48853341	A	AGGTGGAGG	0.0001069931038631745	3.9706442134426982
22:33940618:A:G	0.000552807	0.0386935	-4.24842	-3.87247	22	33940618	A	G	0.00010773794045612895	3.967631330786422
22:25148010:C:T	1.3357e-05	0.00187369	-4.94363	-3.86798	22	25148010	C	T	0.00010974066313628834	3.9596324197954833
22:49871758:T:TTTA	4.49385e-06	0.000262909	-4.0691	-3.86686	22	49871758	T	TTTA	0.00011024567397503466	3.9576384431810476
22:45795355:GATTCTATTC:G	0.000808995	2.76101e-06	5.6802	3.86435	22	45795355	GATTCTATTC	G	0.00011138541302371188	3.953171680419996
22:20924556:GA:G	2.99199e-05	0.00863083	-5.66457	-3.86249	22	20924556	GA	G	0.00011223716097588345	3.9498633272621415
22:33940239:C:G	0.000555683	0.0384099	-4.23587	-3.85961	22	33940239	C	G	0.00011356812761654249	3.9447435343153745
22:41802533:G:A	4.24128e-06	0.000679548	-5.07656	-3.8593	22	41802533	G	A	0.00011371227551295664	3.944192649650242
22:18101667:T:C	0.0409062	0.000877271	3.84222	3.85827	22	18101667	T	C	0.00011419245875410902	3.942362575859163
22:21845137:CA:C	0.00163661	9.21057e-06	5.18003	3.85523	22	21845137	CA	C	0.00011562087527561405	3.9369637472431167
22:20721841:C:T	0.00140538	3.37761e-05	3.72831	3.85466	22	20721841	C	T	0.00011589057251609716	3.935951891653011
22:31696147:ATT:A	0.00286524	1.35655e-05	5.35288	3.85011	22	31696147	ATT	A	0.00011806478822159833	3.9278796075619713
22:29075335:A:G	0.000251264	0.0218577	-4.4658	-3.84919	22	29075335	A	G	0.0001185090595707557	3.9262484482092015
22:30831945:T:C	0.000835569	1.76192e-05	3.85912	3.84845	22	30831945	T	C	0.00011886755170946452	3.9249366822759595
22:17060783:T:C	8.56109e-06	0.00117807	-4.9244	-3.84834	22	17060783	T	C	0.00011892092829950457	3.9247417093411423
22:34504240:T:C	1.13461e-05	0.00102096	-4.49962	-3.84388	22	34504240	T	C	0.00012110424044763761	3.9168406498316157
22:31514141:CA:C	0.00101108	4.82764e-06	5.34441	3.84225	22	31514141	CA	C	0.0001219115655558058	3.913955091602259
22:21839307:G:A	4.80076e-06	0.00134444	-5.63496	-3.83667	22	21839307	G	A	0.00012471387529591063	3.9040852255172807
22:43847894:C:G	2.73495e-05	0.0109603	-5.99333	-3.83422	22	43847894	C	G	0.00012596336621791714	3.8997557418880504
22:30837233:A:G	9.24516e-06	0.00143871	-5.0474	-3.83283	22	30837233	A	G	0.00012667749769876166	3.897300523973579
22:50229136:G:A	4.63092e-06	0.000689658	-5.00344	-3.83253	22	50229136	G	A	0.00012683212666191542	3.896770725438809
22:33390184:A:G	0.000288666	0.0222402	-4.34439	-3.83085	22	33390184	A	G	0.0001277013416394796	3.893804539983555
22:48849101:G:A	0.000393398	0.0192676	-3.89136	-3.82741	22	48849101	G	A	0.0001294987105077221	3.8877345560782426
22:48849102:C:A	0.000393398	0.0192676	-3.89136	-3.82741	22	48849102	C	A	0.0001294987105077221	3.8877345560782426
22:49586587:GCA:G	0.00254953	7.41449e-05	3.53764	3.82698	22	49586587	GCA	G	0.0001297250505445289	3.8869761514196552
22:34498291:G:T	4.37157e-06	0.00121026	-5.62347	-3.82665	22	34498291	G	T	0.000129899006149114	3.8863941716799113
22:19347400:C:T	1.32099e-06	0.000365263	-5.62223	-3.82557	22	19347400	C	T	0.00013046985361748223	3.884489824877632
22:25128109:G:C	3.09186e-06	0.000470952	-5.02598	-3.82495	22	25128109	G	C	0.00013079862959154443	3.8833968061948405
22:30836087:T:C	9.64634e-06	0.00148622	-5.03741	-3.82377	22	30836087	T	C	0.00013142652256625952	3.88131698301188
22:35267085:CTTATATCTA:C	0.007971	0.000383267	3.03483	3.82102	22	35267085	CTTATATCTA	C	0.00013290087277869698	3.876472166975045
22:22026929:T:C	0.000765753	0.0236278	-3.42932	-3.81706	22	22026929	T	C	0.00013505133663774404	3.869501113131296
22:43846187:C:T	2.75389e-05	0.0111703	-6.00542	-3.81646	22	43846187	C	T	0.00013538001029533486	3.8684454572116738
22:21847063:C:T	0.00219609	1.2939e-05	5.13419	3.81499	22	21847063	C	T	0.00013618844845566996	3.865859727846993
22:49908821:G:A	0.000985957	7.2887e-05	2.6047	3.81464	22	49908821	G	A	0.00013638160295974334	3.8652442093857386
22:49925017:G:C	0.013296	0.000826797	2.77766	3.81409	22	49925017	G	C	0.0001366856529710425	3.8642770681864
22:30054671:C:T	1.18986e-05	0.00120937	-4.62144	-3.81082	22	30054671	C	T	0.00013850659393016245	3.85852955050339
22:25148003:A:T	0.00144209	1.65202e-05	4.46926	3.80344	22	25148003	A	T	0.00014270056808218792	3.8455742979822807
22:28796682:T:C	3.80796e-06	0.000239397	-4.14103	-3.80315	22	28796682	T	C	0.00014286778944625205	3.845065674935955
22:31318106:CA:C	4.99906e-06	0.00038839	-4.35276	-3.80286	22	31318106	CA	C	0.00014303519534275737	3.8445570865736984
22:42255492:AAC:A	0.00394319	0.000100287	3.67171	3.79861	22	42255492	AAC	A	0.00014550984728896218	3.837107615072948
22:41535070:A:G	0.000886743	9.7149e-06	4.51389	3.79415	22	41535070	A	G	0.00014815009635693615	3.8292980617183745
22:34338381:T:C	5.29632e-06	0.000437306	-4.41362	-3.79398	22	34338381	T	C	0.00014825162061518046	3.8290005504400355
22:45212466:G:A	0.000306248	0.0190583	-4.13086	-3.7932	22	45212466	G	A	0.00014871827814203915	3.827635651461951
22:48853383:C:G	0.0241726	0.00111445	3.07686	3.78642	22	48853383	C	G	0.00015283326937746533	3.8157820964520286
22:21838283:G:A	4.75536e-06	0.00125445	-5.57518	-3.78454	22	21838283	G	A	0.00015399313974995732	3.8124986261447127
22:41534892:CAA:C	0.000887276	9.82233e-06	4.5035	3.78447	22	41534892	CAA	C	0.00015403648599689255	3.812376397408215
22:21840463:G:A	5.02627e-06	0.00132379	-5.57358	-3.78314	22	21840463	G	A	0.00015486224997349134	3.8100544352185985
22:17657368:TACTTA:T	0.00375795	0.000158623	3.1651	3.7778	22	17657368	TACTTA	T	0.00015821985745619152	3.8007390110883583
22:20935522:C:CT	0.00589948	6.94469e-05	4.44206	3.7756	22	20935522	C	CT	0.00015962296930132407	3.796904614720473
22:30641719:ATTT:A	0.000921076	1.07019e-05	4.45512	3.77441	22	30641719	ATTT	A	0.00016038679675621357	3.7948313862509337
22:41798724:C:T	4.42977e-06	0.000565833	-4.84995	-3.77256	22	41798724	C	T	0.0001615810928043838	3.7916094589767932
22:49875570:A:G	2.04374e-06	0.000110042	-3.98608	-3.76948	22	49875570	A	G	0.0001635880160560835	3.78624851454822
22:34615416:TACAC:T	0.00725129	0.000170126	3.7524	3.76895	22	34615416	TACAC	T	0.00016393571959928086	3.7853264086338156
22:20115489:G:A	1.04476e-05	0.00385953	-5.91193	-3.76466	22	20115489	G	A	0.00016677585241993756	3.777866830916248
22:31759383:GT:G	0.00017713	4.67263e-06	3.63516	3.76242	22	31759383	GT	G	0.00016827714413153574	3.7739748670997737
22:29672309:C:CT	4.76474e-06	0.000381106	-4.38183	-3.76035	22	29672309	C	CT	0.00016967579250383062	3.7703801136748085
22:42583681:CAAAAA:C	0.00195035	1.89561e-05	4.63364	3.75708	22	42583681	CAAAAA	C	0.00017190755255461833	3.7647050426803603
22:42588753:G:C	0.00152259	1.24266e-05	4.80833	3.75671	22	42588753	G	C	0.0001721618073730424	3.764063186719915
22:21847872:G:A	1.48892e-05	0.00380434	-5.54326	-3.75671	22	21847872	G	A	0.0001721618073730424	3.764063186719915
22:20559223:A:G	0.00073087	0.0476057	-4.17647	-3.75486	22	20559223	A	G	0.00017343839544637724	3.760854752969242
22:42589843:C:CAA	2.84767e-05	0.00392366	-4.92569	-3.75438	22	42589843	C	CAA	0.00017377106992951457	3.7600225248711285
22:26700365:T:C	5.91185e-05	0.0215571	-5.89892	-3.75354	22	26700365	T	C	0.00017435469475967646	3.758566354105207
22:34339149:T:C	5.29632e-06	0.000420394	-4.37418	-3.75225	22	34339149	T	C	0.0001752545661832369	3.7563306578557465
22:25368402:G:A	2.41323e-05	0.00904649	-5.92658	-3.74834	22	25368402	G	A	0.000178008838646551	3.749558433196022
22:29463517:C:T	7.61478e-05	0.017057	-5.41164	-3.74585	22	29463517	C	T	0.0001797839968296674	3.7452489688757846
22:18100808:T:C	0.000811065	0.0409218	-3.92107	-3.74493	22	18100808	T	C	0.0001804440793973747	3.7436573631319487
22:29460928:T:TA	2.65602e-05	0.00668899	-5.52881	-3.74411	22	29460928	T	TA	0.00018103433378899696	3.742239051865314
22:19108574:TAAAAAAAAA:T	0.0126087	6.71228e-05	5.23562	3.74131	22	19108574	TAAAAAAAAA	T	0.0001830635477783358	3.737398125249247
22:19109924:G:A	9.04008e-05	0.0200889	-5.40367	-3.73865	22	19109924	G	A	0.00018501109097257475	3.732802235900721
22:21847972:A:G	1.53034e-05	0.0038268	-5.52171	-3.73792	22	21847972	A	G	0.00018554896338368251	3.73154146760463
22:21837296:G:A	4.48202e-06	0.00112032	-5.52129	-3.73756	22	21837296	G	A	0.0001858147564006101	3.730919799659482
22:25459716:G:GGTGT	5.8508e-05	0.0034336	-4.0722	-3.73579	22	25459716	G	GGTGT	0.0001871267858510259	3.7278640419245352
22:41533956:T:G	1.09387e-05	0.000854606	-4.35833	-3.73549	22	41533956	T	G	0.00018735002493995318	3.727346244757088
22:34652253:C:A	0.000181544	9.23779e-06	2.97819	3.73515	22	34652253	C	A	0.00018760333185466354	3.726759452773344
22:34651703:G:C	0.000187352	9.55123e-06	2.97632	3.73331	22	34651703	G	C	0.0001889797636259207	3.7235846985575924
22:34651704:G:C	0.000187352	9.55123e-06	2.97632	3.73331	22	34651704	G	C	0.0001889797636259207	3.7235846985575924
22:29088309:T:TACACAC	7.43138e-05	0.0184251	-5.51317	-3.73048	22	29088309	T	TACACAC	0.00019111531486782043	3.718704509721096
22:20558683:A:G	0.000747262	0.047299	-4.14783	-3.72776	22	20558683	A	G	0.000193189216745523	3.714017118286015
22:49596847:G:A	1.12832e-05	0.00278808	-5.5098	-3.72753	22	49596847	G	A	0.0001933655498139128	3.713620897669867
22:49596845:C:T	1.12832e-05	0.00278808	-5.5098	-3.72753	22	49596845	C	T	0.0001933655498139128	3.713620897669867
22:29551677:G:A	2.32435e-06	0.000280999	-4.79491	-3.72297	22	29551677	G	A	0.00019689292466356203	3.7057698899298455
22:34654511:G:A	0.000171243	8.85636e-06	2.96195	3.71913	22	34654511	G	A	0.00019991014996405054	3.6991651550491067
22:49596600:G:A	1.13965e-05	0.00278808	-5.49981	-3.71882	22	49596600	G	A	0.00020015561358429566	3.6986322251217265
22:49925298:C:T	0.0132764	0.000903611	2.68735	3.71854	22	49925298	C	T	0.00020037756601886381	3.6981509030622655
22:29286686:CAAA:C	0.0315558	0.000128911	5.50039	3.71822	22	29286686	CAAA	C	0.0002006315090778472	3.697600860228697
22:26702400:T:TAC	4.77728e-05	0.00573833	-4.78847	-3.71672	22	26702400	T	TAC	0.0002018259027100259	3.6950230963641477
22:48855343:G:GTCCATCCA	0.00109226	0.0483065	-3.78932	-3.71587	22	48855343	G	GTCCATCCA	0.00020250568759192295	3.693562774646352
22:17664415:ACC:A	0.00256507	0.000126	3.01346	3.70963	22	17664415	ACC	A	0.0002075623596401073	3.682851400740394
22:21768900:A:C	2.211e-05	0.00169754	-4.3409	-3.70891	22	21768900	A	C	0.0002081533935822588	3.681616504296614
22:49922721:C:T	0.00675657	0.000606506	2.41056	3.70606	22	49922721	C	T	0.00021050845008896722	3.6767304663206968
22:19109160:T:C	8.99556e-05	0.0192434	-5.36561	-3.70426	22	19109160	T	C	0.00021200872294673939	3.673646269968891
22:19109315:T:C	8.99556e-05	0.0192434	-5.36561	-3.70426	22	19109315	T	C	0.00021200872294673939	3.673646269968891
22:50108960:C:T	6.38912e-05	0.00587399	-4.52111	-3.70358	22	50108960	C	T	0.00021257810137344558	3.672481476136872
22:49874366:C:G	2.28496e-06	0.000114094	-3.91067	-3.70278	22	49874366	C	G	0.0002132497967552286	3.671111374078961
22:46033113:G:A	0.0132843	0.000519095	3.24225	3.70268	22	46033113	G	A	0.00021333389867476556	3.6709401298404356
22:46034087:C:CATCGTATAT	0.0121138	0.00083715	2.6721	3.70241	22	46034087	C	CATCGTATAT	0.00021356112946212824	3.6704777909520163
22:49921715:C:A	0.00561368	0.000276597	3.0104	3.70175	22	49921715	C	A	0.00021411753968257329	3.6693477555203495
22:21833894:G:A	6.27662e-06	2.4286e-07	3.2521	3.69911	22	21833894	G	A	0.00021635682203721191	3.6648294063288773
22:49874174:T:C	2.30569e-06	0.00011465	-3.9065	-3.69909	22	49874174	T	C	0.00021637386991617692	3.6647951873566424
22:49924858:C:T	0.0119167	0.000826344	2.66869	3.6988	22	49924858	C	T	0.00021662120594119095	3.6642990307557395
22:49923682:G:A	0.0109495	0.000759421	2.66849	3.69859	22	49923682	G	A	0.00021680047703108004	3.663939766544454
22:49923761:A:AAT	0.0109495	0.000759716	2.6681	3.69818	22	49923761	A	AAT	0.00021715088404323596	3.663238398241344
22:49923762:C:G	0.0109495	0.000759716	2.6681	3.69818	22	49923762	C	G	0.00021715088404323596	3.663238398241344
22:24379972:C:G	5.59749e-06	0.00191197	-5.83357	-3.69771	22	24379972	C	G	0.0002175532242942515	3.66243447576899
22:26041843:T:C	0.0010462	0.034957	-3.50895	-3.69582	22	26041843	T	C	0.00021917822281907758	3.6592025988160515
22:34654048:C:T	0.000169838	9.03179e-06	2.93409	3.69165	22	34654048	C	T	0.00022280393233552488	3.6520771484330092
22:20555746:G:T	0.000981302	0.0891514	-4.50921	-3.69086	22	20555746	G	T	0.00022349713018990597	3.650728049045198
22:38502411:C:CA	0.000141156	0.0068969	-3.88896	-3.68848	22	38502411	C	CA	0.00022559775543590146	3.6466652256401653
22:28792988:AT:A	5.47252e-06	0.00030591	-4.02355	-3.68818	22	28792988	AT	A	0.00022586385149121787	3.6461532704258595
22:21774714:CAA:C	1.42205e-06	7.40515e-05	-3.95266	-3.68798	22	21774714	CAA	C	0.0002260414125016652	3.6458119875192367
22:29088311:T:TACAC	8.89711e-05	0.0117456	-4.88292	-3.68721	22	29088311	T	TACAC	0.00022672624639022667	3.644498201961479
22:41543735:A:G	0.00164476	2.40286e-05	4.22611	3.68378	22	41543735	A	G	0.00022980059688632864	3.6386488476055137
22:20937041:C:A	7.19645e-05	0.00840834	-4.76081	-3.68175	22	20937041	C	A	0.0002316384954865218	3.635189264512379
22:30834406:G:T	1.59617e-05	0.00553917	-5.84941	-3.68165	22	30834406	G	T	0.00023172938791226515	3.635018885507413
22:20556302:G:GT	0.0259127	0.00162403	2.76982	3.681	22	20556302	G	GT	0.00023232100501066787	3.6339115222367013
22:42834621:T:C	0.00216106	3.18624e-05	4.21693	3.68067	22	42834621	T	C	0.00023262190666727432	3.633349388933785
22:25050936:T:TG	0.0246957	0.000364155	4.2168	3.68056	22	25050936	T	TG	0.0002327222884666134	3.6331620211201603
22:43789847:T:TCA	0.00244004	0.000172147	2.65142	3.68053	22	43789847	T	TCA	0.00023274967237511625	3.633110921671128
22:41544434:C:CCGCG	2.20435e-05	0.00176096	-4.3806	-3.67388	22	41544434	C	CCGCG	0.00023889495999613534	3.6217930125312283
22:19414835:A:C	2.59927e-06	0.00060355	-5.4476	-3.6733	22	19414835	A	C	0.0002394380963828437	3.620806748948157
22:31769522:A:C	6.05985e-07	0.000200841	-5.80342	-3.67195	22	31769522	A	C	0.00024070678308393205	3.6185116711939576
22:38717898:C:T	4.07733e-06	0.000261162	-4.1597	-3.67123	22	38717898	C	T	0.00024138599205546324	3.617287936183701
22:29091737:C:G	0.000218412	0.017375	-4.37641	-3.66952	22	29091737	C	G	0.00024300632637178603	3.6143824199301124
22:25148198:C:G	1.63093e-05	0.00187369	-4.74393	-3.66456	22	25148198	C	G	0.0002477641542948638	3.6059615257162925
22:34695209:C:T	0.00244924	0.000125943	2.9677	3.66296	22	34695209	C	T	0.00024931748304967257	3.6032472661180623
22:29821165:T:G	0.00293605	1.70392e-05	5.1493	3.66121	22	29821165	T	G	0.0002510268926096694	3.6002797498880597
22:19094297:G:A	1.75585e-06	0.00040175	-5.43288	-3.66046	22	19094297	G	A	0.00025176285644071467	3.5990083426663215
22:29672642:T:A	5.32681e-06	0.000387466	-4.28688	-3.65989	22	29672642	T	A	0.0002523235418271269	3.598042227846889
22:20555387:G:C	0.0010296	0.0907706	-4.47916	-3.65874	22	20555387	G	C	0.00025345831571899367	3.596093455430412
22:43785602:AG:A	0.00699431	9.24738e-05	4.32593	3.65675	22	43785602	AG	A	0.00025543328207872914	3.592722516307413
22:34657047:A:G	0.000140763	5.78718e-06	3.19143	3.65599	22	34657047	A	G	0.0002561913415713347	3.5914355520750703
22:34615458:C:T	0.00436514	0.000229002	2.94767	3.65588	22	34615458	C	T	0.00025630123531543826	3.5912493006070734
22:43785418:CA:C	0.00691418	9.18641e-05	4.32102	3.65173	22	43785418	CA	C	0.0002604796655505507	3.58422617441391
22:24380861:C:CT	5.76787e-06	0.0018614	-5.77678	-3.64919	22	24380861	C	CT	0.0002630684856580422	3.579931175192781
22:28371649:C:T	3.66152e-06	0.000463835	-4.84165	-3.64611	22	28371649	C	T	0.00026624004421674225	3.574726623262396
22:26697146:T:G	0.00013347	0.0120677	-4.50441	-3.64522	22	26697146	T	G	0.0002671631549040911	3.573223436635108
22:49919331:C:T	0.00701544	0.000502042	2.63719	3.64183	22	49919331	C	T	0.00027070682348480005	3.567500797186835
22:20554919:C:T	0.00101162	0.322632	-5.76496	-3.63909	22	20554919	C	T	0.0002736031730511732	3.562878870290282
22:25149020:T:C	1.64908e-05	0.00184589	-4.71792	-3.63807	22	25149020	T	C	0.00027468877527282005	3.561159086981604
22:29292643:T:G	9.71432e-05	0.00749706	-4.34608	-3.6379	22	29292643	T	G	0.00027487010098846713	3.5608724979954482
22:27984600:G:A	2.46264e-06	0.000269736	-4.69621	-3.63734	22	27984600	G	A	0.0002754682029464417	3.5599285241510974
22:30641175:G:C	0.000736768	1.49276e-05	3.89906	3.63478	22	30641175	G	C	0.0002782179484415292	3.5556148561639715
22:25124128:T:C	0.00108723	2.20916e-05	3.89619	3.63204	22	25124128	T	C	0.00028118952176046274	3.5510008668897584
22:41994886:C:CTGTGTG	4.32531e-06	0.000854024	-5.28548	-3.63185	22	41994886	C	CTGTGTG	0.0002813966785150714	3.550681033095621
22:31685450:CA:C	0.000119908	4.34334e-06	3.31808	3.62794	22	31685450	CA	C	0.00028569162974827856	3.544102483479301
22:49924028:G:A	0.0109935	0.000815602	2.60113	3.62733	22	49924028	G	A	0.00028636719869874354	3.54307672882214
22:49924203:T:G	0.0109935	0.000815602	2.60113	3.62733	22	49924203	T	G	0.00028636719869874354	3.54307672882214
22:49924039:G:A	0.0109935	0.000815602	2.60113	3.62733	22	49924039	G	A	0.00028636719869874354	3.54307672882214
22:26704098:CAA:C	0.0141961	0.000193189	4.29706	3.62721	22	26704098	CAA	C	0.0002865002735617971	3.542874959014838
22:49919711:G:A	0.00703396	0.00051119	2.62176	3.62575	22	49919711	G	A	0.00028812399848657824	3.5404205668628355
22:24378987:C:T	5.47618e-06	0.00171798	-5.7485	-3.62502	22	24378987	C	T	0.0002889390901122026	3.5391936991679014
22:49919476:C:T	0.00701544	0.000510479	2.62052	3.62445	22	49919476	C	T	0.0002895770328593997	3.53823588618335
22:49919434:C:T	0.00701544	0.000510479	2.62052	3.62445	22	49919434	C	T	0.0002895770328593997	3.53823588618335
22:33807008:CA:C	0.00488385	8.50519e-05	4.05043	3.62207	22	33807008	CA	C	0.00029225500745966114	3.5342380389566492
22:48857002:G:A	0.00128804	0.0521097	-3.70023	-3.62124	22	48857002	G	A	0.00029319436625079037	3.5328443789480337
22:19413597:CTATT:C	0.000725196	2.91801e-06	5.51554	3.61725	22	19413597	CTATT	C	0.00029774968724006844	3.5261486860332076
22:20556303:GT:G	0.0841984	0.000920657	4.51584	3.61575	22	20556303	GT	G	0.0002994792939404746	3.523633199445819
22:49597907:C:T	8.26985e-06	0.000578743	-4.24824	-3.61528	22	49597907	C	T	0.00030002317053593467	3.522845203789281
22:49919531:G:A	0.00701544	0.00051556	2.61061	3.61413	22	49919531	G	A	0.000301357835657468	3.520917511882948
22:42985067:G:A	4.42478e-05	0.00477537	-4.68142	-3.61309	22	42985067	G	A	0.0003025696231873021	3.519174675600166
22:41106918:A:G	5.27791e-05	0.00340181	-4.16595	-3.61234	22	41106918	A	G	0.0003034463387235483	3.5179180981858793
22:42913485:CAAAAAA:C	0.00248061	1.15554e-05	5.36911	3.61153	22	42913485	CAAAAAA	C	0.0003043958631743892	3.5165612540458255
22:29460090:G:A	6.1203e-05	0.0118125	-5.26272	-3.61129	22	29460090	G	A	0.0003046777376315751	3.5161592778973834
22:49926381:G:T	0.0138613	0.00104503	2.58506	3.61032	22	49926381	G	T	0.00030581947238211377	3.514534865297592
22:19108859:CA:C	0.0192434	8.98923e-05	5.36631	3.60926	22	19108859	CA	C	0.00030707172180906896	3.5127601758322253
22:49923539:C:T	0.0101457	0.000587898	2.84825	3.60699	22	49923539	C	T	0.0003097695938531583	3.5089612136583574
22:19097176:G:A	5.12002e-06	0.000276416	-3.98875	-3.60623	22	19097176	G	A	0.0003106777940201653	3.50768978723152
22:34656790:C:T	0.000148767	8.62799e-06	2.84737	3.60612	22	34656790	C	T	0.00031080945038519257	3.5075057846338518
22:24303845:GGTGTGTGTG:G	0.00279826	1.14175e-05	5.5016	3.60566	22	24303845	GGTGTGTGTG	G	0.00031136057953623454	3.5067363730575716
22:27990632:A:G	5.20519e-06	0.000436929	-4.43011	-3.60357	22	27990632	A	G	0.0003138761649013569	3.503241662461283
22:22533702:T:A	0.000215341	0.0682424	-5.7586	-3.60317	22	22533702	T	A	0.0003143597807424905	3.5025730228073146
22:19508444:G:A	0.000295796	0.0204511	-4.23612	-3.60303	22	19508444	G	A	0.0003145292110290921	3.502339014448824
22:20113869:C:CCT	1.24592e-05	0.00380549	-5.72174	-3.60216	22	20113869	C	CCT	0.0003155840170354273	3.5008850000414804
22:21595122:A:C	0.000117261	2.41037e-06	3.88462	3.60142	22	21595122	A	C	0.00031648381367671476	3.4996484967387103
22:49911867:T:C	0.002048	0.000187892	2.38875	3.6011	22	49911867	T	C	0.00031687365826939284	3.499113862241508
22:34508327:T:C	8.79252e-06	0.00105444	-4.78686	-3.59639	22	34508327	T	C	0.0003226639350493389	3.4912495740580263
22:39316309:T:C	0.00673758	4.19545e-05	5.07887	3.59586	22	39316309	T	C	0.00032332165784852197	3.490365203000361
22:31166014:TG:T	0.00807838	3.83853e-05	5.34927	3.59541	22	31166014	TG	T	0.0003238810865478032	3.489614412433639
22:17064969:C:T	4.8532e-05	0.0146963	-5.71313	-3.5948	22	17064969	C	T	0.0003246408697162331	3.4885968068297815
22:49917948:G:A	0.00379084	0.000350527	2.3809	3.5931	22	49917948	G	A	0.0003267671100340856	3.485761662817529
22:19508226:A:G	0.000296312	0.0202263	-4.22333	-3.5901	22	19508226	A	G	0.0003305511242095672	3.480761361458148
22:17669030:C:CTT	5.47239e-05	0.0020895	-3.64238	-3.58892	22	17669030	C	CTT	0.00033205070865638083	3.478795588561028
22:35181385:C:CA	0.00013497	0.00441319	-3.4873	-3.58658	22	35181385	C	CA	0.00033504330853150827	3.4748990513495004
22:30404992:C:A	4.56721e-05	0.00541811	-4.77601	-3.58654	22	30404992	C	A	0.0003350946827810093	3.474832463412678
22:48858812:C:T	0.00150296	0.0660273	-3.78263	-3.58319	22	48858812	C	T	0.00033942353001887806	3.469258054171723
22:17064474:G:A	4.82118e-05	0.0143237	-5.69407	-3.57852	22	17064474	G	A	0.00034554542983391813	3.461494846613508
22:19333529:T:C	3.23781e-05	0.00332297	-4.63113	-3.57834	22	19333529	T	C	0.00034578344637241	3.461195801464634
22:31751278:CAAA:C	0.00253672	3.6265e-05	4.24778	3.57677	22	31751278	CAAA	C	0.00034786599171605486	3.4585880269350513
22:26042529:A:G	0.00094263	0.0405053	-3.76051	-3.56995	22	26042529	A	G	0.00035704937201886235	3.447271726428962
22:31317319:T:G	4.09907e-06	0.000477311	-4.75741	-3.56966	22	31317319	T	G	0.0003574448483822147	3.446790957753827
22:25133043:G:A	2.70918e-06	0.000225267	-4.42064	-3.56259	22	25133043	G	A	0.0003672139553058724	3.4350808225765443
22:19362067:G:C	4.67114e-06	0.000471002	-4.61346	-3.56232	22	19362067	G	C	0.00036759193599499463	3.434634024465713
22:41538569:C:T	1.76284e-05	0.00116375	-4.18989	-3.55728	22	41538569	C	T	0.00037471468923866685	3.4262992817387246
22:34658589:G:A	0.000138155	6.32749e-06	3.08347	3.55681	22	34658589	G	A	0.00037538544975139693	3.4255225649995515
22:17670373:C:CTT	5.30562e-05	0.00195329	-3.60592	-3.55399	22	17670373	C	CTT	0.00037943364064540905	3.420864167124242
22:20119941:G:T	5.78798e-05	0.0167078	-5.66527	-3.55391	22	20119941	G	T	0.00037954907595268264	3.420732061567011
22:43867533:A:AAAATAAATA	0.000140693	0.00720453	-3.93589	-3.55203	22	43867533	A	AAAATAAATA	0.000382271273577785	3.417628336549101
22:41532316:G:C	0.000806732	1.14968e-05	4.25093	3.5493	22	41532316	G	C	0.0003862567552206516	3.41312391215119
22:29819914:T:C	1.85105e-05	0.00211179	-4.73695	-3.54667	22	29819914	T	C	0.00039013294374670406	3.4087873752885183
22:35275111:CTTTTTTT:C	0.0128782	0.000103219	4.82643	3.54485	22	35275111	CTTTTTTT	C	0.0003928365729932379	3.405788086287954
22:48857358:T:A	0.00135532	0.0505756	-3.61943	-3.5443	22	48857358	T	A	0.0003936570422041228	3.404881974977621
22:17718760:G:C	0.000134839	0.0106721	-4.37131	-3.54345	22	17718760	G	C	0.00039492819008695964	3.403481865092898
22:25470574:C:T	2.04296e-05	0.00408637	-5.29843	-3.54323	22	25470574	C	T	0.0003952578172867266	3.403119531969021
22:30728395:C:CA	0.0012719	3.75133e-05	3.52357	3.54141	22	30728395	C	CA	0.0003979946095562758	3.400122809976106
22:31008338:T:C	2.06415e-05	0.00162933	-4.36862	-3.54057	22	31008338	T	C	0.00039926370676494867	3.3987401655584186
22:26702878:A:T	0.000124156	0.0365643	-5.68529	-3.53983	22	26702878	A	T	0.0004003848524288665	3.3975223613400636
22:49393037:C:T	0.00163511	0.106093	-4.1726	-3.539	22	49393037	C	T	0.0004016458528713965	3.396156712914112
22:21845237:A:AT	8.88199e-06	0.00261283	-5.68416	-3.53885	22	21845237	A	AT	0.00040187413999561453	3.3959099391141194
22:41532367:T:G	1.14968e-05	0.000806732	-4.25093	-3.53871	22	41532367	T	G	0.00040208731733831993	3.3956796252230017
22:29863982:G:A	3.84704e-05	0.00433131	-4.72374	-3.53394	22	29863982	G	A	0.00040941400763950506	3.3878373025223865
22:41531696:C:T	0.000806732	1.16919e-05	4.23409	3.53362	22	41531696	C	T	0.00040990996225769043	3.3873115266677223
22:49919710:G:C	0.000327337	0.00822201	-3.22358	-3.53175	22	49919710	G	C	0.00041281943645094606	3.38423986335595
22:29283661:G:T	0.000172016	0.0500748	-5.67369	-3.5298	22	29283661	G	T	0.00041587391553439855	3.3810383186221666
22:25373258:G:A	1.56253e-05	0.00438078	-5.63609	-3.52898	22	25373258	G	A	0.00041716465647047627	3.379692493510258
22:21833371:A:C	5.12045e-06	2.39365e-07	3.06301	3.52751	22	21833371	A	C	0.00041948791553222676	3.37728054566547
22:20556396:A:G	0.000828418	0.0421823	-3.93024	-3.52187	22	20556396	A	G	0.000428514222718846	3.3680347589314383
22:41531816:G:A	1.16919e-05	0.000806732	-4.23409	-3.52116	22	41531816	G	A	0.0004296632777691927	3.366871762778075
22:41539358:A:G	2.56051e-05	0.001764	-4.23254	-3.51955	22	41539358	A	G	0.00043227954785689867	3.364235311454571
22:48854644:A:G	0.0192952	0.00122951	2.75324	3.51327	22	48854644	A	G	0.0004426274410070046	3.3539616651749244
22:29807237:C:CAAA	1.34129e-05	0.00381564	-5.65065	-3.50989	22	29807237	C	CAAA	0.0004482921072745798	3.3484389073471728
22:30071777:C:T	1.09737e-05	0.000841638	-4.33985	-3.50982	22	30071777	C	T	0.00044841013482911136	3.3483245801747072
22:23816386:G:A	5.93926e-05	0.00564721	-4.55475	-3.5091	22	23816386	G	A	0.0004496258169771952	3.347148760052798
22:41538957:G:C	1.74936e-05	0.00119233	-4.22183	-3.50838	22	41538957	G	C	0.00045084457449271246	3.345973152299372
22:20460473:G:A	0.000172279	0.0166751	-4.57256	-3.50769	22	20460473	G	A	0.00045201544288440173	3.3448467274786347
22:41542532:A:G	2.59259e-05	0.00163131	-4.1419	-3.50651	22	41542532	A	G	0.00045402437604519095	3.3429208297470225
22:43787355:GCACACA:G	0.00664928	8.17405e-05	4.39871	3.50518	22	43787355	GCACACA	G	0.0004562986687810877	3.340750798248753
22:23816510:G:C	6.02423e-05	0.00570067	-4.54997	-3.50476	22	23816510	G	C	0.0004570190722079001	3.3400656756811014
22:20938913:A:G	6.82602e-05	0.0130548	-5.25358	-3.50412	22	20938913	A	G	0.000458118870903921	3.3390218183294755
22:26700035:C:A	6.02294e-05	0.0163939	-5.6065	-3.5037	22	26700035	C	A	0.00045884195539451364	3.338336878121999
22:20938456:C:T	6.75194e-05	0.0129066	-5.25308	-3.50368	22	20938456	C	T	0.0004588764145385692	3.338304263723918
22:34341311:C:A	3.31176e-06	0.000329144	-4.59901	-3.5007	22	34341311	C	A	0.0004640378978268839	3.333446549305075
22:49923336:T:TCTGCACTCC	0.00909242	0.000761214	2.48028	3.49948	22	49923336	T	TCTGCACTCC	0.00046616657444111995	3.331458869932138
22:49916398:T:C	0.00355943	0.000292868	2.49763	3.49635	22	49916398	T	C	0.00047166959340192425	3.326362120030317
22:31679553:C:T	9.77667e-06	0.00273435	-5.63365	-3.4952	22	31679553	C	T	0.00047370664824776385	3.324490520112539
22:21842243:G:A	8.0228e-06	0.000864206	-4.67952	-3.49137	22	21842243	G	A	0.0004805502593500041	3.318261184026859
22:34786975:A:T	0.00252391	1.18326e-05	5.3627	3.49022	22	34786975	A	T	0.0004826230619799951	3.3163919293162683
22:46401434:A:G	0.000684132	0.0148018	-3.07435	-3.49012	22	46401434	A	G	0.0004828036992166094	3.3162294110204087
22:27983880:A:G	0.000689305	4.82025e-06	4.96286	3.48822	22	27983880	A	G	0.0004862478103297478	3.3131423413759507
22:49921057:G:A	0.00702525	0.000582607	2.48975	3.48814	22	49921057	G	A	0.0004863933270080852	3.3130123919249717
22:49921279:G:C	0.00702525	0.000582607	2.48975	3.48814	22	49921279	G	C	0.0004863933270080852	3.3130123919249717
22:19505169:C:G	0.000163317	0.0121727	-4.31126	-3.48806	22	19505169	C	G	0.00048653888429869195	3.312882445094456
22:34649331:G:A	0.000220033	1.08731e-05	3.00749	3.48701	22	34649331	G	A	0.0004884530931699003	3.3111771358461097
22:17719363:A:G	0.00015622	0.0117128	-4.31717	-3.48558	22	17719363	A	G	0.0004910713608478978	3.308855393069379
22:29080781:A:G	0.000196492	0.0206374	-4.65424	-3.48153	22	29080781	A	G	0.0004985579304727652	3.3022843711077567
22:49393176:C:T	0.00162932	0.107851	-4.19259	-3.47789	22	49393176	C	T	0.0005053772718742255	3.2963842933254037
22:19095443:T:C	0.000136966	4.81915e-06	3.34714	3.4772	22	19095443	T	C	0.0005066797137278239	3.295266483497828
22:34648114:A:AACAC	9.96045e-06	0.000392117	-3.67294	-3.47456	22	34648114	A	AACAC	0.0005116919149004917	3.2909914451381868
22:19101674:G:A	1.21372e-05	0.000575852	-3.85957	-3.47378	22	19101674	G	A	0.0005131816141493942	3.289728911565424
22:26693366:G:T	0.000120978	0.0200292	-5.10934	-3.47271	22	26693366	G	T	0.0005152317533376797	3.287997379587715
22:34694402:A:G	0.00195369	0.000121116	2.78073	3.47228	22	34694402	A	G	0.0005160577894216057	3.287301662284385
22:34694365:A:G	0.00195358	0.000121116	2.78067	3.47222	22	34694365	A	G	0.0005161731483586181	3.2872045914678503
22:45163860:G:T	0.000136731	0.0142193	-4.64434	-3.47158	22	45163860	G	T	0.0005174051401563024	3.2861692611037627
22:20698431:A:G	3.19397e-05	0.00527897	-5.10764	-3.47117	22	20698431	A	G	0.0005181958246105384	3.285506090686181
22:21832514:G:A	4.9383e-06	2.46275e-07	2.99833	3.46881	22	21832514	G	A	0.0005227690229131772	3.2816901547878476
22:26702404:TACACAC:T	0.0178783	9.94726e-05	5.19146	3.46716	22	26702404	TACACAC	T	0.0005259886981134994	3.2790235874045774
22:22903015:G:A	8.35492e-05	0.00630508	-4.32367	-3.46695	22	22903015	G	A	0.0005263997980299996	3.2786842860249394
22:19102754:G:C	0.00070103	1.66628e-05	3.73937	3.46311	22	19102754	G	C	0.0005339700519121911	3.2724831000014167
22:30404323:C:T	5.26607e-05	0.00545197	-4.63986	-3.46298	22	30404323	C	T	0.0005342281031208812	3.272273269610614
22:31516133:G:A	0.000275126	1.19804e-05	3.13396	3.46103	22	31516133	G	A	0.0005381128418462907	3.2691266435668997
22:49873858:A:AG	2.30449e-06	0.000115507	-3.91447	-3.45928	22	49873858	A	AG	0.0005416215390530687	3.266304073078652
22:49873860:C:G	2.30449e-06	0.000115507	-3.91447	-3.45928	22	49873860	C	G	0.0005416215390530687	3.266304073078652
22:31330295:TAAAG:T	0.000357529	7.35405e-06	3.88397	3.45836	22	31330295	TAAAG	T	0.0005434746481248578	3.2648207099700994
22:30408873:G:A	6.10556e-05	0.00627253	-4.63215	-3.45599	22	30408873	G	A	0.0005482756612067059	3.2610010326834242
22:49917181:A:G	0.00356865	0.000306306	2.45536	3.45228	22	49917181	A	G	0.0005558705673086759	3.2550263207335783
22:49917234:C:T	0.00356865	0.000306306	2.45536	3.45228	22	49917234	C	T	0.0005558705673086759	3.2550263207335783
22:42834695:T:C	6.89206e-05	0.00500792	-4.28582	-3.45206	22	42834695	T	C	0.0005563240026309014	3.254672201994689
22:48847018:T:A	0.000471626	0.0155832	-3.49776	-3.45039	22	48847018	T	A	0.0005597772388308901	3.2519847644106066
22:34650028:A:G	0.000212781	1.09597e-05	2.96603	3.44893	22	34650028	A	G	0.0005628125813434761	3.2496362027316525
22:26695401:G:C	0.00012108	0.0320707	-5.57925	-3.44819	22	26695401	G	C	0.0005643568895468787	3.248446168813832
22:33808264:C:A	7.19537e-05	0.00532687	-4.3045	-3.44804	22	33808264	C	A	0.0005646704056436217	3.248204973025417
22:47702390:CCTT:C	0.00374251	0.000165342	3.1195	3.44792	22	47702390	CCTT	C	0.0005649213352972581	3.248012023020981
22:18100501:T:C	0.0292747	0.00108236	3.29758	3.44692	22	18100501	T	C	0.0005670164578547663	3.2464043353720355
22:19108520:A:G	4.40356e-05	0.0111894	-5.53772	-3.44493	22	19108520	A	G	0.000571207296243025	3.243206253791674
22:48848225:G:A	0.014245	0.000907225	2.75377	3.44478	22	48848225	G	A	0.0005715243547257996	3.2429652580112105
22:47650140:A:G	0.000586199	0.0167396	-3.35187	-3.44174	22	47650140	A	G	0.0005779854956008664	3.2380830599523853
22:49872982:T:C	8.59626e-05	6.3555e-06	2.60459	3.44102	22	49872982	T	C	0.0005795256950822087	3.2369273034708392
22:31167611:C:CT	2.67787e-05	0.00241599	-4.50226	-3.43963	22	31167611	C	CT	0.0005825099511521919	3.234696651085513
22:24375898:T:C	5.05704e-06	0.000802933	-5.06749	-3.43489	22	24375898	T	C	0.0005927944010154798	3.227095906951071
22:43786602:G:A	0.000100077	0.00714837	-4.2687	-3.43377	22	43786602	G	A	0.0005952490454102973	3.2253012923924196
22:19357770:T:C	3.99836e-06	0.000400417	-4.60662	-3.43367	22	19357770	T	C	0.0005954686695430249	3.2251410838915797
22:17719441:A:G	0.00015825	0.0112878	-4.2673	-3.43227	22	17719441	A	G	0.0005985513377819893	3.2228985941978356
22:34332760:T:A	0.000632952	6.2654e-06	4.61535	3.43083	22	34332760	T	A	0.0006017375737401314	3.220592869414899
22:19359312:G:A	4.07742e-06	0.000406687	-4.60258	-3.42961	22	19359312	G	A	0.0006044493688793237	3.2186400715397396
22:49926457:A:G	0.0134003	0.00117563	2.43347	3.42947	22	49926457	A	G	0.0006047612849202304	3.218416018901828
22:43786700:C:T	0.000100576	0.00714837	-4.26372	-3.42844	22	43786700	C	T	0.0006070607051292051	3.216767877978419
22:19099007:T:C	7.30081e-06	0.000330597	-3.81291	-3.42594	22	19099007	T	C	0.0006126757063662473	3.2127693398414685
22:28634442:G:A	1.12063e-05	0.00111324	-4.59856	-3.42557	22	28634442	G	A	0.0006135108204420127	3.212177773251863
22:30619012:T:C	0.000165719	0.0427307	-5.55238	-3.42497	22	30619012	T	C	0.0006148673113860379	3.2112185950380105
22:18104948:G:A	0.0328715	0.00234057	2.64221	3.42149	22	18104948	G	A	0.0006227901520579976	3.2056582633818302
22:43844805:C:T	3.88159e-05	0.00995025	-5.54652	-3.41991	22	43844805	C	T	0.0006264185660698868	3.2031353789478594
22:19508900:T:C	0.000299571	0.0207987	-4.2403	-3.4191	22	19508900	T	C	0.0006282863188097962	3.2018423971201297
22:20555934:G:A	0.000917438	0.0916129	-4.60374	-3.41841	22	20555934	G	A	0.0006298814525493226	3.2007411796705685
22:34337188:T:C	0.00048844	5.95704e-06	4.40664	3.41711	22	34337188	T	C	0.0006328970176251847	3.198666950828814
22:28795891:T:C	5.07852e-06	0.000233329	-3.82743	-3.41624	22	28795891	T	C	0.0006349226221115781	3.1972791988617004
22:20936975:T:C	6.58493e-05	0.0113834	-5.15254	-3.41602	22	20936975	T	C	0.0006354357983884381	3.1969283220795095
22:41220659:GA:G	0.00143162	1.08457e-05	4.8828	3.41393	22	41220659	GA	G	0.0006403302527808164	3.1935959791919264
22:29864109:C:G	3.12883e-05	0.00281009	-4.49773	-3.41377	22	29864109	C	G	0.0006407063891801095	3.1933409451640156
22:49643658:G:A	1.99979e-05	0.00489806	-5.50097	-3.41352	22	49643658	G	A	0.0006412945137499493	3.1929424754395597
22:42655672:A:ACC	7.63122e-05	0.00404024	-3.96923	-3.41171	22	42655672	A	ACC	0.0006455675372474779	3.190058316496573
22:40287497:C:A	6.95736e-05	0.00623056	-4.49484	-3.41083	22	40287497	C	A	0.0006476545826683875	3.188656557150344
22:43843619:T:C	3.92448e-05	0.00995025	-5.53553	-3.41041	22	43843619	T	C	0.0006486528831587707	3.187987647202058
22:20937935:T:G	0.00946129	0.000130808	4.28123	3.40982	22	20937935	T	G	0.0006500576750642061	3.1870481097403287
22:35304495:A:T	0.00480077	0.000184774	3.2574	3.40935	22	35304495	A	T	0.0006511787707564626	3.1862997664321373
22:32487032:TTGA:T	0.0212748	0.000460272	3.83346	3.40869	22	32487032	TTGA	T	0.0006527561109315043	3.1852490537349545
22:34788867:C:T	1.05018e-05	0.00255232	-5.49321	-3.4069	22	34788867	C	T	0.000657051952948403	3.1824002895166794
22:48840488:T:C	0.0129133	0.000798924	2.78275	3.40622	22	48840488	T	C	0.0006586907723950954	3.181318420551141
22:30057842:C:T	1.57347e-05	0.0010953	-4.24291	-3.4062	22	30057842	C	T	0.0006587390304578719	3.181286603735801
22:49924973:T:C	0.0128154	0.000692029	2.91878	3.40551	22	49924973	T	C	0.0006604059482950344	3.180189023688959
22:20535721:A:G	0.00118607	0.2873	-5.48988	-3.40405	22	20535721	A	G	0.0006639459877715806	3.177867249196528
22:22072859:T:G	0.000631412	0.0612517	-4.57479	-3.40393	22	22072859	T	G	0.0006642377332332277	3.1776764571484883
22:31679913:C:T	9.82973e-06	0.00246997	-5.52655	-3.40265	22	31679913	C	T	0.0006673571102714308	3.1756417080363177
22:49918387:C:T	0.00456248	0.000411043	2.40693	3.40179	22	49918387	C	T	0.000669460585606447	3.1742749869230873
22:20730279:CTTAT:C	0.000802557	2.03859e-05	3.67296	3.39987	22	20730279	CTTAT	C	0.0006741789791504082	3.17122479287305
22:34335015:AG:A	0.000503404	6.26885e-06	4.3858	3.39949	22	34335015	AG	A	0.0006751164851818676	3.1706212871584065
22:30350304:T:TAAAAAAAAA	9.2515e-06	0.00222786	-5.48401	-3.39903	22	30350304	T	TAAAAAAAAA	0.0006762529824449366	3.16989080653377
22:25470242:A:G	3.75246e-05	0.00362895	-4.5717	-3.39858	22	25470242	A	G	0.0006773664940225288	3.16917628956475
22:34335060:T:C	0.00050259	6.26885e-06	4.38418	3.39812	22	34335060	T	C	0.0006785065118137205	3.1684459799405813
22:49392937:C:A	0.00168638	0.0956065	-4.03766	-3.39623	22	49392937	C	A	0.0006832092424853194	3.1654462671240533
22:25781609:C:CAAAA	0.000689189	0.0188484	-3.30867	-3.39554	22	25781609	C	CAAAA	0.0006849336490783559	3.1643514974635143
22:42655674:A:C	7.67647e-05	0.00399397	-3.9518	-3.39394	22	42655674	A	C	0.0006889478521677939	3.1618136494608304
22:33236773:T:C	0.00019778	0.0192243	-4.57678	-3.39245	22	33236773	T	C	0.0006927057317779028	3.1594512187884307
22:41921474:A:T	1.55006e-05	0.00384842	-5.51454	-3.39227	22	41921474	A	T	0.0006931609912872669	3.1591658858677794
22:43867532:A:AAAATAAATA	0.000143831	0.012647	-4.47653	-3.39218	22	43867532	A	AAAATAAATA	0.000693388725308606	3.1590232243699408
22:34657350:A:C	0.000140008	7.67342e-06	2.90394	3.39188	22	34657350	A	C	0.0006941483410332494	3.158547709937152
22:35304262:A:G	0.00473439	0.000186415	3.23463	3.38807	22	35304262	A	G	0.0007038629828306491	3.1525118743693
22:42907011:C:T	8.1235e-06	0.000774055	-4.55688	-3.38768	22	42907011	C	T	0.0007048644909117297	3.151894367414151
22:21845681:C:T	1.30777e-05	0.00124617	-4.55692	-3.38372	22	21845681	C	T	0.0007151089045190454	3.145627814100917
22:29553003:G:T	3.97631e-06	0.000240319	-4.10162	-3.38306	22	29553003	G	T	0.0007168296966497999	3.1445840111249677
22:34657342:C:T	0.000139629	7.72724e-06	2.89424	3.38297	22	34657342	C	T	0.0007170646479724619	3.1444416881368844
22:38134949:G:A	0.000176094	0.0167067	-4.55255	-3.37932	22	38134949	G	A	0.0007266537392713197	3.1386724872798344
22:34656523:C:T	0.000163494	9.09329e-06	2.88924	3.37838	22	34656523	C	T	0.0007291424760025324	3.137187601317272
22:29802600:A:G	1.17972e-05	0.00195236	-5.10893	-3.37799	22	29802600	A	G	0.0007301773591355187	3.1365716374982506
22:20737929:CT:C	0.00147265	7.91969e-06	5.22547	3.37616	22	20737929	CT	C	0.0007350515960762202	3.1336821750590373
22:25044635:TA:T	0.000834412	0.0459458	-4.00849	-3.37302	22	25044635	TA	T	0.0007434855202075229	3.1287274851853457
22:34657744:C:G	0.000138908	7.77782e-06	2.88253	3.37222	22	34657744	C	G	0.0007456486103470341	3.1274657871919986
22:29292763:CTT:C	0.00854236	9.07564e-05	4.54461	3.37206	22	29292763	CTT	C	0.0007460819291241033	3.127213478944497
22:19358691:G:C	0.000406687	3.99278e-06	4.62355	3.37065	22	19358691	G	C	0.0007499106746913556	3.1249904643402764
22:18100248:T:C	0.0297035	0.0011931	3.21471	3.36944	22	18100248	T	C	0.0007532108753318236	3.123083417993527
22:49924155:A:G	0.0105734	0.000983824	2.37465	3.36815	22	49924155	A	G	0.000756744121300354	3.1210509441364818
22:23815491:G:A	2.9957e-05	0.00243804	-4.39918	-3.36807	22	23815491	G	A	0.0007569637433422924	3.120924921614151
22:28627435:C:CT	3.22663e-06	0.000748422	-5.44653	-3.36701	22	28627435	C	CT	0.0007598793283626621	3.1192553698076457
22:17868809:A:G	0.000391169	0.0138076	-3.56384	-3.36652	22	17868809	A	G	0.000761230619940279	3.1184837508584233
22:33807345:G:A	7.84228e-05	0.00532766	-4.21855	-3.36327	22	33807345	G	A	0.0007702498979278173	3.1133683505629706
22:30071020:AAACAAC:A	0.000581819	1.0252e-05	4.03869	3.3628	22	30071020	AAACAAC	A	0.0007715624051674017	3.1126289417670283
22:41920492:G:C	1.60414e-05	0.00384842	-5.48025	-3.36264	22	41920492	G	C	0.0007720096896655619	3.1123772487032846
22:18103092:C:CAAA	0.000898824	0.0360237	-3.69084	-3.36256	22	18103092	C	CAAA	0.0007722334221749471	3.1122514060892774
22:41798720:T:C	4.67749e-06	0.000399193	-4.44668	-3.36178	22	41798720	T	C	0.0007744179708994332	3.1110245774818144
22:30412572:G:A	7.09884e-05	0.00657127	-4.52795	-3.36142	22	30412572	G	A	0.0007754281578915499	3.1104584326364066
22:34653149:T:C	0.000170906	9.70063e-06	2.86892	3.35971	22	34653149	T	C	0.0007802432731934524	3.107769966882505
22:23815497:G:A	2.99793e-05	0.00241021	-4.38696	-3.35699	22	23815497	G	A	0.0007879596244250635	3.103496035478263
22:43662797:T:C	0.00164174	6.52633e-05	3.22508	3.35633	22	43662797	T	C	0.000789842622996338	3.1024594337386975
22:28800055:C:CT	5.78833e-06	0.00053672	-4.52963	-3.35629	22	28800055	C	CT	0.0007899568782454814	3.102396615103448
22:31165084:A:AT	0.000105695	0.00896303	-4.44031	-3.35528	22	31165084	A	AT	0.0007928469120820927	3.100810660924863
22:28054343:A:G	0.000359682	2.90325e-06	4.81939	3.35509	22	28054343	A	G	0.0007933916772524963	3.1005123596247537
22:34787170:T:A	1.17836e-05	0.00269326	-5.4318	-3.35442	22	34787170	T	A	0.0007953154649398134	3.099460572592229
22:42907166:G:C	8.37306e-06	0.000769103	-4.52021	-3.35439	22	42907166	G	C	0.000795401705866831	3.099413481934704
22:22072612:G:A	0.000674572	0.0619433	-4.5199	-3.35411	22	22072612	G	A	0.0007962070398133108	3.098973986839137
22:18092684:C:CT	0.00117055	0.0623645	-3.97553	-3.35382	22	18092684	C	CT	0.000797041933399149	3.0985188292126886
22:26693607:A:G	0.000124363	0.0295195	-5.4696	-3.35344	22	26693607	A	G	0.0007981371617414138	3.0979224677111374
22:42655670:AT:A	0.00403474	7.63122e-05	3.96786	3.35328	22	42655670	AT	A	0.0007985987282270111	3.0976713857575477
22:41540015:A:G	0.00151994	2.67587e-05	4.03957	3.35249	22	41540015	A	G	0.0008008813460391149	3.0964318217154254
22:41798876:C:CAA	4.96407e-06	0.000419701	-4.43732	-3.35224	22	41798876	C	CAA	0.0008016049536881345	3.096039607653508
22:25371751:G:GT	1.92849e-05	0.00438068	-5.42564	-3.34916	22	25371751	G	GT	0.0008105697225171863	3.0912096226388543
22:20921515:T:TACAGGAGGG	0.00659324	6.63369e-05	4.59905	3.34527	22	20921515	T	TACAGGAGGG	0.0008220250555590298	3.0851149448380633
22:29088310:TACAC:T	0.0128713	7.18621e-05	5.18801	3.34502	22	29088310	TACAC	T	0.0008227663718185579	3.0847234671378527
22:17717283:C:T	9.78939e-05	0.022954	-5.45736	-3.34287	22	17717283	C	T	0.0008291673425013578	3.0813578113185938
22:43751038:T:C	0.00155066	2.29792e-05	4.21185	3.34145	22	43751038	T	C	0.0008334202587322507	3.0791359469448647
22:28800538:G:A	5.76787e-06	0.000526198	-4.51338	-3.33995	22	28800538	G	A	0.0008379347465575899	3.076789800359438
22:49805941:C:T	0.00157728	0.000119832	2.57737	3.3398	22	49805941	C	T	0.0008383874407031752	3.076555236173996
22:31164586:CTTTTTTTTT:C	0.00921164	0.000136906	4.20893	3.33857	22	31164586	CTTTTTTTTT	C	0.0008421080985881547	3.0746321559979535
22:29794396:C:G	6.46528e-05	0.0145026	-5.41305	-3.3384	22	29794396	C	G	0.0008426235388062692	3.07436641296269
22:42986092:G:A	6.30345e-05	0.00512178	-4.39758	-3.33828	22	42986092	G	A	0.0008429875551246691	3.0741788367401197
22:41539908:G:A	2.62531e-05	0.00151994	-4.05865	-3.33826	22	41539908	G	A	0.0008430482386896718	3.0741475746073332
22:25160610:A:G	9.29496e-05	0.0045784	-3.89705	-3.3381	22	25160610	A	G	0.0008435338530910573	3.073897483417927
22:30351075:G:A	1.0257e-05	0.000854942	-4.42308	-3.33773	22	30351075	G	A	0.0008446578302580818	3.073319187530837
22:40287836:G:A	6.9415e-05	0.00631655	-4.51083	-3.33739	22	40287836	G	A	0.0008456918986707313	3.0727878297249815
22:30837261:C:CA	5.18434e-05	0.00431452	-4.42151	-3.33614	22	30837261	C	CA	0.0008495037226328737	3.0708347136573573
22:33394229:C:T	0.0213973	0.00209351	2.32442	3.33458	22	33394229	C	T	0.0008542832306190132	3.068398118652966
22:19110187:C:T	0.00868029	0.000152032	4.04472	3.33436	22	19110187	C	T	0.0008549592666687589	3.0680545761284295
22:26493727:AAAT:A	0.00499956	8.7571e-05	4.04466	3.33431	22	26493727	AAAT	A	0.000855112980400341	3.067976501034569
22:25049438:G:T	0.000374855	0.0237888	-4.15043	-3.33176	22	25049438	G	T	0.0008629864503114618	3.063996023057861
22:48846013:C:G	0.00052845	0.0154209	-3.37353	-3.33139	22	48846013	C	G	0.000864134443908387	3.0634186837882162
22:25367848:G:A	2.72428e-05	0.00630199	-5.44383	-3.33117	22	25367848	G	A	0.0008648177058305487	3.0630754274430574
22:23996457:G:A	0.000471489	0.0137063	-3.36972	-3.32774	22	23996457	G	A	0.0008755353763831976	3.0577263013708054
22:41108420:C:T	4.88425e-05	0.00687976	-4.94774	-3.32669	22	41108420	C	T	0.0008788408333366448	3.0560897727792944
22:26699338:G:A	9.74876e-05	0.0215571	-5.39873	-3.32617	22	26699338	G	A	0.0008804821016420135	3.05527946790467
22:42655677:C:CACA	3.51168e-05	0.00775668	-5.39763	-3.32523	22	42655677	C	CACA	0.0008834562229835906	3.053814965781096
22:29446153:C:A	0.000232808	0.0191379	-4.40921	-3.32361	22	29446153	C	A	0.0008886037016041242	3.051291881976425
22:41108043:T:C	4.90582e-05	0.00687976	-4.94333	-3.32271	22	41108043	T	C	0.0008914754112758492	3.0498906310578753
22:31769260:C:CA	9.12184e-07	0.000200841	-5.39443	-3.32249	22	31769260	C	CA	0.0008921786919843297	3.0495481532801585
22:29864319:AT:A	0.00359825	3.72035e-05	4.5718	3.32135	22	29864319	AT	A	0.0008958312088746407	3.04777381172171
22:31268409:AAAGGCAAAC:A	0.000569453	1.21842e-05	3.84453	3.31974	22	31268409	AAAGGCAAAC	A	0.0009010132013997816	3.0452688458099746
22:41798576:T:C	4.70833e-06	0.000385555	-4.40535	-3.31967	22	41798576	T	C	0.0009012391344069612	3.045159958217641
22:18105497:GTCTTTT:G	0.0448567	0.00166313	3.29477	3.3139	22	18105497	GTCTTTT	G	0.0009200440539269183	3.03619137708998
22:39739553:A:G	0.00039365	0.0349824	-4.48714	-3.31358	22	39739553	A	G	0.000921097527945476	3.0356943832601493
22:29759124:A:G	0.000134502	0.0120443	-4.49477	-3.31348	22	29759124	A	G	0.0009214269677289528	3.03553908124713
22:34333269:TACCAGC:T	0.00051623	7.11708e-06	4.28405	3.31347	22	34333269	TACCAGC	T	0.000921459917711511	3.035523551269985
22:34697408:T:C	0.00255479	0.000185177	2.62441	3.31286	22	34697408	T	C	0.0009234719324964627	3.0345762997333736
22:34333801:A:C	0.00050898	7.02639e-06	4.28274	3.31235	22	34333801	A	C	0.0009251572324099184	3.0337844517311603
22:28624768:G:C	0.000501074	2.91132e-06	5.14815	3.3119	22	28624768	G	C	0.0009266466278704358	3.0330858503476925
22:30401681:A:ATTT	6.40502e-05	0.00560543	-4.47182	-3.31049	22	30401681	A	ATTT	0.0009313277988695093	3.03089743375135
22:34715690:CTCCTCCTCA:C	0.00638802	0.000436627	2.6831	3.30937	22	34715690	CTCCTCCTCA	C	0.0009350617793945959	3.0291596944068333
22:20922313:C:G	4.84834e-05	0.00739978	-5.02798	-3.30741	22	20922313	C	G	0.0009416296376804436	3.0261198805825202
22:40705903:G:C	9.61188e-05	0.00458636	-3.86526	-3.30568	22	40705903	G	C	0.0009474622597567438	3.02343808025786
22:49805730:G:T	0.00157547	0.000123911	2.54274	3.30565	22	49805730	G	T	0.0009475636980598291	3.0233915858073286
22:19499293:A:G	0.000197219	0.0270733	-4.92199	-3.30343	22	19499293	A	G	0.0009550981105140648	3.0199520141059435
22:34700668:G:T	0.00284793	0.00020888	2.61259	3.3008	22	34700668	G	T	0.0009640958096246841	3.0158798047655173
22:34336108:T:A	6.11203e-06	0.00048844	-4.38096	-3.30039	22	34336108	T	A	0.0009655055452673489	3.015245227558233
22:20736827:A:G	0.000286599	8.09709e-06	3.56658	3.29856	22	20736827	A	G	0.0009718210876172632	3.01241368138286
22:23811038:CA:C	0.012359	0.000131558	4.54269	3.2958	22	23811038	CA	C	0.0009814185599299721	3.008145733191303
22:20736344:A:G	0.000286231	8.11031e-06	3.56366	3.29579	22	20736344	A	G	0.0009814534923967971	3.008130275252957
22:34335855:G:A	6.1434e-06	0.00048844	-4.37584	-3.29568	22	34335855	G	A	0.0009818378255265845	3.007960240619698
22:34651363:T:G	0.00017988	1.09516e-05	2.79881	3.2953	22	34651363	T	G	0.0009831665943134849	3.007372886175088
22:25784884:T:C	0.0111911	0.000722956	2.73952	3.29242	22	25784884	T	C	0.0009932915250757406	3.0029232699833606
22:34337520:G:C	0.000413153	5.84726e-06	4.25784	3.29131	22	34337520	G	C	0.0009972195504783217	3.0012092157462593
22:35304770:A:G	0.00477255	0.000208474	3.13082	3.291	22	35304770	A	G	0.000998319132763778	3.000730605563141
22:35304811:A:T	0.00477255	0.000208474	3.13082	3.291	22	35304811	A	T	0.000998319132763778	3.000730605563141
22:43753095:G:A	2.14797e-05	0.00186626	-4.46458	-3.29091	22	43753095	G	A	0.0009986385765112203	3.000591661551125
22:49804834:G:C	0.00157903	0.000126082	2.52764	3.29075	22	49804834	G	C	0.0009992067101710312	3.0003446581202438
22:19207358:C:T	0.000193285	0.00766979	-3.68088	-3.29056	22	19207358	C	T	0.0009998817575292717	3.0000513550888
22:19498736:G:A	0.000200176	0.0270733	-4.90711	-3.28998	22	19498736	G	A	0.0010019450408359268	2.9991560999421236
22:34508115:G:T	2.65252e-06	0.000230107	-4.46304	-3.28935	22	34508115	G	T	0.001004190658749133	2.9981838228666455
22:23809528:G:A	0.00015877	0.0137668	-4.46256	-3.28887	22	23809528	G	A	0.0010059047319886957	2.997443148833578
22:18100171:G:A	0.0296	0.00129703	3.1277	3.28808	22	18100171	G	A	0.0010087317089671121	2.996224327131505
22:38128142:G:C	0.00035781	0.0167286	-3.84487	-3.28489	22	38128142	G	C	0.0010202219396807388	2.991305341283339
22:41798563:C:G	7.82092e-06	0.000365362	-3.84409	-3.28409	22	41798563	C	G	0.00102312244031902	2.9900723897746766
22:49814055:G:A	0.00303879	0.000244796	2.51879	3.28203	22	49814055	G	A	0.001030626394879683	2.9868987392242485
22:29449906:C:T	0.000176275	0.0139012	-4.36768	-3.2813	22	29449906	C	T	0.0010332977631776809	2.9857745107449443
22:25480021:T:G	4.9973e-05	0.000852	-2.8361	-3.27779	22	25480021	T	G	0.0010462319929534047	2.9803720037210453
22:43845562:G:A	3.28221e-05	0.00283088	-4.45724	-3.27735	22	43845562	G	A	0.0010478639026146907	2.9796951201973916
22:49921580:T:C	0.00029333	0.00555938	-2.94194	-3.27397	22	49921580	T	C	0.0010604786940595586	2.9744980524141007
22:34332223:G:A	0.000512523	7.44117e-06	4.23232	3.26972	22	34332223	G	A	0.0010765398769658923	2.9679698784968
22:43791371:C:CA	0.00307687	0.000314857	2.27955	3.26901	22	43791371	C	CA	0.001079244871980537	2.9668800062119742
22:42255490:AC:A	0.00313249	0.000168498	2.92266	3.26864	22	42255490	AC	A	0.0010806570077210066	2.9663121259272907
22:29089317:CA:C	0.0133676	0.000194531	4.23	3.26776	22	29089317	CA	C	0.0010840224697137451	2.9649617156098538
22:36832863:C:T	0.00153372	0.0294426	-2.95474	-3.26735	22	36832863	C	T	0.0010855937771516771	2.9643326548070834
22:49923187:T:C	0.00978822	0.000614359	2.76836	3.26733	22	49923187	T	C	0.0010856704801548405	2.9643019706644957
22:29449932:A:G	0.000176683	0.013719	-4.35218	-3.26551	22	29449932	A	G	0.0010926714728582787	2.96151039520644
22:25716672:T:C	0.00523466	0.000425756	2.50919	3.26471	22	25716672	T	C	0.0010957620225739485	2.9602837556191277
22:19208602:C:A	0.00019044	0.00736438	-3.65507	-3.2641	22	19208602	C	A	0.0010981239966734572	2.959348617963708
22:31164585:CT:C	0.0139375	0.000124295	4.71968	3.26258	22	31164585	CT	C	0.0011040300700795166	2.9570190977193582
22:45157578:G:A	0.000119428	0.0100764	-4.43524	-3.26141	22	45157578	G	A	0.0011085961841711405	2.9552266205985727
22:32316528:C:CT	0.0103077	0.000196094	3.96205	3.26123	22	32316528	C	CT	0.001109300211179128	2.954950904333746
22:19505121:G:A	0.000234967	0.007606	-3.47725	-3.26032	22	19505121	G	A	0.0011128657913411462	2.9535572072685223
22:31265739:G:T	1.18881e-05	0.000638503	-3.98359	-3.26002	22	31265739	G	T	0.0011140435779757154	2.9530978205588574
22:19503869:C:T	0.000211546	0.0276421	-4.87265	-3.25885	22	19503869	C	T	0.00111864796690859	2.951306562339183
22:19503817:C:T	0.000211547	0.0276421	-4.87265	-3.25885	22	19503817	C	T	0.00111864796690859	2.951306562339183
22:23807886:C:T	0.000166226	0.013983	-4.43225	-3.25841	22	23807886	C	T	0.0011203840799209562	2.9506330709048796
22:29453192:T:TAA	0.000146409	0.00885313	-4.10212	-3.2557	22	29453192	T	TAA	0.0011311319958092962	2.946486712752043
22:29908982:CT:C	0.000254351	4.0752e-06	4.1338	3.2551	22	29908982	CT	C	0.001133524459975157	2.9455691039295027
22:40663240:TA:T	0.0178137	0.000784945	3.12211	3.25436	22	40663240	TA	T	0.0011364816081988495	2.944437588115326
22:43845405:C:T	3.37605e-05	0.00283088	-4.42905	-3.25021	22	43845405	C	T	0.0011531981753508927	2.9380960534462175
22:30415123:G:A	8.47806e-05	0.00693943	-4.40491	-3.24976	22	30415123	G	A	0.001155024407776255	2.9374088382389
22:41798557:A:G	0.000365362	7.82092e-06	3.84409	3.2463	22	41798557	A	G	0.0011691556462091845	2.9321276686584063
22:31320343:G:T	5.18807e-06	0.00108664	-5.34449	-3.24533	22	31320343	G	T	0.0011731458710706247	2.9306479835687935
22:19372696:T:G	8.80814e-06	0.000425973	-3.8787	-3.24187	22	19372696	T	G	0.0011874817696921104	2.925373048972901
22:31269035:T:TTTTG	1.19841e-05	0.000587003	-3.89145	-3.24154	22	31269035	T	TTTTG	0.0011888574875749006	2.924870202630509
22:30729227:C:T	4.02588e-05	0.00301372	-4.3156	-3.24035	22	30729227	C	T	0.0011938306480461305	2.9230572760839295
22:46029766:T:C	0.000744555	0.0138996	-2.92683	-3.23989	22	46029766	T	C	0.001195758191582923	2.9223566352964117
22:39741525:T:G	0.000150142	0.0298726	-5.29312	-3.23593	22	39741525	T	G	0.0012124711365089974	2.9163285912032855
22:48793455:TTTTTTC:T	0.0363663	0.00307081	2.4717	3.23531	22	48793455	TTTTTTC	T	0.0012151072611109675	2.9153853839154222
22:30731017:G:A	0.00310538	4.69691e-05	4.1914	3.23513	22	30731017	G	A	0.0012158735786041346	2.9151115788205773
22:25047219:C:T	0.000352999	0.0701141	-5.29141	-3.23447	22	25047219	C	T	0.0012186872301834348	2.91410773952889
22:30000483:A:AT	1.35748e-05	0.000804668	-4.08222	-3.23442	22	30000483	A	AT	0.0012189006304746972	2.9140316983156365
22:41217983:T:C	1.12208e-05	0.000921451	-4.40818	-3.23421	22	41217983	T	C	0.001219797288650778	2.9137123363212547
22:28626184:C:T	0.000501074	3.19906e-06	5.0539	3.23356	22	28626184	C	T	0.001222576521900291	2.9127239485650946
22:28626200:T:C	0.000501074	3.19906e-06	5.0539	3.23356	22	28626200	T	C	0.001222576521900291	2.9127239485650946
22:41033819:C:T	7.74263e-05	0.00635318	-4.40738	-3.23341	22	41033819	C	T	0.0012232187134393819	2.9124958834808785
22:30621411:T:C	9.43056e-06	0.00033077	-3.55747	-3.23203	22	30621411	T	C	0.0012291415108697731	2.9103981139793342
22:29821838:A:T	2.06372e-05	0.000915501	-3.79238	-3.23135	22	29821838	A	T	0.0012320697214102839	2.90936471525033
22:17871562:C:T	0.000410533	0.0126366	-3.4269	-3.23091	22	17871562	C	T	0.0012339678774546561	2.9086961456721183
22:29449349:CA:C	0.00845784	0.000128584	4.18627	3.23079	22	29449349	CA	C	0.0012344860248835543	2.9085138221762046
22:30401186:G:GATTT	8.80603e-05	0.00390152	-3.7911	-3.23005	22	30401186	G	GATTT	0.0012376857098617396	2.907389623330094
22:33235658:G:A	0.000327155	0.0192919	-4.07701	-3.22885	22	33235658	G	A	0.0012428906718423454	2.905567071441854
22:40085849:CTGT:C	7.81977e-05	1.2992e-06	4.09749	3.22876	22	40085849	CTGT	C	0.0012432818576802558	2.905430403652159
22:41798958:A:G	6.89481e-06	0.000565148	-4.40632	-3.22832	22	41798958	A	G	0.0012451959589171707	2.9047622974199925
22:25479836:T:C	4.9973e-05	0.000805407	-2.77987	-3.22766	22	25479836	T	C	0.0012480722134355614	2.903760285655785
22:19109114:T:C	6.838e-05	0.0134665	-5.28288	-3.22718	22	19109114	T	C	0.001250167886793116	2.9030316610624496
22:40550838:ATTTTTTC:A	5.49429e-05	2.49111e-06	3.09356	3.22609	22	40550838	ATTTTTTC	A	0.0012549388841706132	2.90137742391502
22:49912668:C:T	0.000138985	0.00286292	-3.02524	-3.22575	22	49912668	C	T	0.0012564305214875587	2.9008615221679737
22:25470258:G:A	0.00179534	4.24252e-05	3.74521	3.22498	22	25470258	G	A	0.0012598146949596995	2.8996933301799164
22:41799406:T:C	6.99603e-06	0.000570851	-4.40178	-3.22396	22	41799406	T	C	0.0012643105846200462	2.898146226197889
22:29998634:T:C	7.78373e-06	0.000634343	-4.40055	-3.22277	22	29998634	T	C	0.0012695745089868003	2.8963418061000183
22:29366380:G:A	0.000956727	8.17318e-05	2.46008	3.22262	22	29366380	G	A	0.0012702394628753483	2.8961143990424034
22:29366251:G:A	0.000956727	8.17318e-05	2.46008	3.22262	22	29366251	G	A	0.0012702394628753483	2.8961143990424034
22:35300938:A:G	0.00198697	0.00014867	2.59264	3.22146	22	35300938	A	G	0.001275392640694541	2.894356093319418
22:25470298:CAG:C	0.00185421	2.14868e-05	4.45777	3.22126	22	25470298	CAG	C	0.001276283067748645	2.8940529924429614
22:41522608:A:G	1.86312e-05	0.00151524	-4.39849	-3.22079	22	41522608	A	G	0.0012783778307120972	2.8933407693840314
22:43790569:A:G	0.00304228	0.000326126	2.23308	3.22056	22	43790569	A	G	0.0012794040836547097	2.892992267417209
22:47646186:C:T	0.000822036	0.0190844	-3.14484	-3.22033	22	47646186	C	T	0.0012804310970540398	2.8926437869529487
22:30078010:T:C	9.82597e-06	0.000574636	-4.06871	-3.21998	22	30078010	T	C	0.0012819954037775153	2.8921135318512428
22:26698062:C:T	0.000173595	0.0101972	-4.07315	-3.21985	22	26698062	C	T	0.0012825768811621514	2.8919165926381742
22:31165732:A:G	0.000105345	0.00505202	-3.87031	-3.21918	22	31165732	A	G	0.0012855775887314679	2.890901707164977
22:30350313:T:A	0.0008655	1.00723e-05	4.45351	3.2191	22	30350313	T	A	0.0012859363149208144	2.890780539003812
22:30078462:C:T	1.06323e-05	0.000620375	-4.06643	-3.21754	22	30078462	C	T	0.0012929499693743727	2.88841827979479
22:25479606:C:T	4.9973e-05	0.000796134	-2.76828	-3.21734	22	25479606	C	T	0.001293851704867034	2.8881154975843395
22:30414398:T:C	8.69782e-05	0.00686522	-4.36857	-3.21678	22	30414398	T	C	0.001296379653183024	2.8872677938845683
22:29672779:CT:C	0.000352623	5.45255e-06	4.16932	3.21646	22	29672779	CT	C	0.0012978262410249732	2.886783448995933
22:25479298:T:C	4.9973e-05	0.000794055	-2.76567	-3.21501	22	25479298	T	C	0.0013043997810630286	2.8845892827602286
22:33807244:G:T	8.48889e-05	0.0049466	-4.06511	-3.21192	22	33807244	G	T	0.0013185108578190202	2.879916289479595
22:29803642:C:T	1.29329e-05	0.00160392	-4.82043	-3.21166	22	29803642	C	T	0.0013197045996893072	2.8795232696138457
22:34333835:G:T	7.02639e-06	0.00050898	-4.28274	-3.21016	22	34333835	G	T	0.0013266110678921625	2.8772563837115146
22:44630624:G:A	0.00903588	0.000925105	2.27905	3.20848	22	44630624	G	A	0.0013343858962542117	2.8747185569426525
22:48844308:C:T	0.0117369	0.000780993	2.70992	3.20708	22	48844308	C	T	0.0013408970108694936	2.872604577352509
22:33806983:C:A	8.48161e-05	0.00491679	-4.05993	-3.20681	22	33806983	C	A	0.0013421560924087273	2.872196972893077
22:33806971:T:C	8.48161e-05	0.00491679	-4.05993	-3.20681	22	33806971	T	C	0.0013421560924087273	2.872196972893077
22:33805592:G:A	8.66064e-05	0.0050176	-4.05933	-3.20622	22	33805592	G	A	0.0013449112154323105	2.871306384747466
22:30350322:T:A	0.000855833	1.01266e-05	4.43691	3.2043	22	30350322	T	A	0.0013539131967814893	2.868409178610441
22:26699051:C:T	0.000176484	0.0101972	-4.05664	-3.20357	22	26699051	C	T	0.0013573503846091956	2.8673080296725146
22:29088857:C:T	0.000194529	0.013984	-4.27508	-3.20313	22	29088857	C	T	0.0013594260003199192	2.8666444280377936
22:29088841:G:A	0.000194529	0.013984	-4.27508	-3.20313	22	29088841	G	A	0.0013594260003199192	2.8666444280377936
22:34508228:AC:A	0.000230107	2.72667e-06	4.43547	3.20301	22	34508228	AC	A	0.0013599925852342976	2.866463459424347
22:28624303:G:A	2.84352e-06	0.000542788	-5.25168	-3.20052	22	28624303	G	A	0.0013717984859738632	2.8627096807992696
22:19108890:G:C	6.85234e-05	0.0130633	-5.25039	-3.19942	22	19108890	G	C	0.0013770439860018892	2.861052187141186
22:49917706:C:CTTTTTTTTT	0.00418894	0.000397691	2.35453	3.19892	22	49917706	C	CTTTTTTTTT	0.0013794344141647092	2.8602989434221855
22:34720609:TTA:T	0.0124203	0.000517003	3.17904	3.19882	22	34720609	TTA	T	0.0013799129587949701	2.8601483068648696
22:28797650:G:C	5.34778e-06	0.000196813	-3.60557	-3.19875	22	28797650	G	C	0.0013802480311293896	2.8600428636917195
22:30360918:G:A	0.00146781	3.56645e-05	3.71737	3.19842	22	30360918	G	A	0.001381828668780993	2.859545801256822
22:49911450:T:A	0.00188178	0.000165241	2.43257	3.1979	22	49911450	T	A	0.0013843227586235838	2.8587626411313107
22:31264784:C:T	1.26928e-05	0.000596075	-3.84933	-3.19699	22	31264784	C	T	0.0013886974076808424	2.857392375206072
22:49891326:C:T	0.000165415	1.45404e-05	2.43152	3.19699	22	49891326	C	T	0.0013886974076808424	2.857392375206072
22:20921571:G:A	5.47393e-05	0.00735963	-4.90118	-3.19685	22	20921571	G	A	0.0013893715610348812	2.857181594919002
22:35301619:G:C	0.00209191	0.000173198	2.4914	3.19483	22	35301619	G	C	0.0013991322828228897	2.8541412226174527
22:48844262:G:A	0.00055745	0.0144104	-3.25233	-3.19472	22	48844262	G	A	0.0013996656183039092	2.8539757053722665
22:38429684:C:T	0.00015997	0.0194293	-4.79955	-3.1928	22	38429684	C	T	0.0014090049907187563	2.8510874686097507
22:43750418:G:A	2.36926e-05	0.00186626	-4.36653	-3.19235	22	43750418	G	A	0.0014112022015287495	2.8504107546959276
22:22077277:GT:G	0.0700732	0.00144135	3.88396	3.19216	22	22077277	GT	G	0.0014121308609092548	2.850125055736473
22:34332596:G:C	7.22036e-06	0.000512685	-4.26276	-3.1918	22	34332596	G	C	0.0014138919713955886	2.849583771599274
22:29551213:C:G	8.01666e-05	1.27695e-06	4.13963	3.19136	22	29551213	C	G	0.0014160471896577436	2.8489222735767066
22:26702401:TACAC:T	0.0104013	8.12983e-05	4.85156	3.19092	22	26702401	TACAC	T	0.0014182054363996817	2.8482608541794634
22:25472851:A:G	6.75381e-05	0.00530964	-4.36459	-3.1904	22	25472851	A	G	0.0014207600013736387	2.84747927807676
22:19333321:T:C	4.57554e-05	0.00306079	-4.20312	-3.19033	22	19333321	T	C	0.00142110420890133	2.8473740742953155
22:29681069:A:T	0.0098411	0.000118217	4.4218	3.18969	22	29681069	A	T	0.001424254815736173	2.846412303418335
22:26697082:C:T	0.000114598	0.0215571	-5.23703	-3.18801	22	26697082	C	T	0.001432555821109212	2.8438884462699097
22:40086748:G:A	1.46883e-06	0.000105638	-4.27556	-3.18746	22	40086748	G	A	0.001435283087610347	2.8430624325453744
22:32387917:T:C	0.000102391	0.0192461	-5.23627	-3.18735	22	32387917	T	C	0.0014358291149132107	2.8428972445410516
22:30729957:G:A	4.26806e-05	0.00301381	-4.25722	-3.18671	22	30729957	G	A	0.001439009800826512	2.841936248154863
22:48844294:A:G	0.0116842	0.000795312	2.68726	3.18651	22	48844294	A	G	0.001440005096310687	2.8416359708938526
22:22078675:AC:A	0.0705293	0.00146122	3.87676	3.18579	22	22078675	AC	A	0.0014435934163802803	2.840555107241676
22:20719749:G:A	3.55176e-05	0.00236342	-4.19784	-3.18554	22	20719749	G	A	0.0014448412873100341	2.8401798565967895
22:20698702:G:C	3.24618e-05	0.00608427	-5.2334	-3.1849	22	20698702	G	C	0.0014480403688683881	2.8392193305888727
22:48400607:T:A	0.00139287	0.0200496	-2.66685	-3.18335	22	48400607	T	A	0.0014558152157506576	2.8368937458146486
22:23820558:C:T	0.000108207	0.00718041	-4.19506	-3.18303	22	23820558	C	T	0.0014574251291592471	2.836413746571134
22:19360876:T:G	0.000401756	4.86893e-06	4.41297	3.18296	22	19360876	T	G	0.0014577775163642493	2.836308752278812
22:19118376:CA:C	0.031495	0.000662076	3.8622	3.18219	22	19118376	CA	C	0.0014616589616181987	2.8351539463691555
22:34655143:T:C	0.000148726	1.02421e-05	2.6756	3.18212	22	34655143	T	C	0.0014620122921424714	2.835048975950522
22:28801396:A:AT	6.0753e-06	0.00047319	-4.35527	-3.18103	22	28801396	A	AT	0.0014675243186009746	2.833414693251249
22:31170187:T:G	3.63172e-05	0.00275457	-4.32872	-3.18062	22	31170187	T	G	0.0014696026015148414	2.83280008790629
22:20737956:C:T	7.91969e-06	0.00147265	-5.22547	-3.17813	22	20737956	C	T	0.0014822827326969451	2.8290689505139817
22:29451337:A:G	0.000117512	0.00659156	-4.027	-3.17433	22	29451337	A	G	0.0015018283670514402	2.8233796968269114
22:43752471:C:T	2.18762e-05	0.00155066	-4.26104	-3.17267	22	43752471	C	T	0.0015104410118191313	2.8208962308287573
22:35303890:C:T	0.00375884	0.000186415	3.00389	3.17231	22	35303890	C	T	0.0015123148078338804	2.820357795425961
22:41215361:T:G	1.11011e-05	0.000785369	-4.25911	-3.1707	22	41215361	T	G	0.0015207210714887397	2.817950436323074
22:19363177:G:T	0.000407998	5.02751e-06	4.39634	3.16814	22	19363177	G	T	0.0015341762235633481	2.8141247521696404
22:31678733:C:T	0.00321051	5.67361e-05	4.03578	3.16795	22	31678733	C	T	0.0015351792061746071	2.8138409207014443
22:33806067:C:T	8.64384e-05	0.00481442	-4.01994	-3.16737	22	33806067	C	T	0.0015382446793562059	2.8129745784211373
22:29283724:G:A	0.000198151	0.00972586	-3.89351	-3.16612	22	29283724	G	A	0.0015448704793470489	2.811107925600172
22:19348500:A:AT	3.35166e-06	0.000227789	-4.21897	-3.16535	22	19348500	A	AT	0.0015489650437550246	2.809958383064294
22:29457832:A:G	0.000102419	0.0132797	-4.86492	-3.16523	22	29457832	A	G	0.0015496040570643216	2.809779255248199
22:30070581:A:C	0.0006151	1.31467e-05	3.84562	3.16522	22	30070581	A	C	0.0015496573191302447	2.8097643281939626
22:25478497:G:A	4.9973e-05	0.000749532	-2.70797	-3.16358	22	25478497	G	A	0.0015584151433580631	2.807316840339118
22:25478613:A:C	4.9973e-05	0.000749532	-2.70797	-3.16358	22	25478613	A	C	0.0015584151433580631	2.807316840339118
22:25478535:G:A	4.9973e-05	0.000749532	-2.70797	-3.16358	22	25478535	G	A	0.0015584151433580631	2.807316840339118
22:43752051:G:C	2.20853e-05	0.00155066	-4.25153	-3.16298	22	43752051	G	C	0.001561630596385974	2.8064216906408683
22:43752053:A:G	2.20853e-05	0.00155066	-4.25153	-3.16298	22	43752053	A	G	0.001561630596385974	2.8064216906408683
22:49920925:C:T	0.00674064	0.000665817	2.3149	3.16055	22	49920925	C	T	0.0015747157521459462	2.80279782816988
22:17871506:C:T	0.000428235	0.0122668	-3.35498	-3.1597	22	17871506	C	T	0.001579316644430352	2.801530787571056
22:35272365:CAAAG:C	0.00491843	0.000247523	2.98924	3.15861	22	35272365	CAAAG	C	0.001585234723472563	2.799906423312763
22:23812747:C:A	0.000121489	0.0229319	-5.24046	-3.15543	22	23812747	C	A	0.0016026171766804027	2.795170206847985
22:22075818:C:A	0.0245346	0.00215757	2.4311	3.15424	22	22075818	C	A	0.001609166919751632	2.7933989039636864
22:23813922:C:T	2.51767e-05	0.00161766	-4.16281	-3.15379	22	23813922	C	T	0.0016116501270634215	2.7927292332367
22:22076284:A:T	0.0245253	0.00215855	2.43027	3.15331	22	22076284	A	T	0.0016143027688284067	2.7920150083376862
22:20120206:G:A	5.77732e-05	0.00425201	-4.29862	-3.1533	22	20120206	G	A	0.0016143580749061724	2.7920001296461456
22:23811897:G:T	0.000121942	0.0229319	-5.23673	-3.15221	22	23811897	G	T	0.0016203969033092213	2.7903785954545084
22:29286712:A:T	0.000161518	0.00662644	-3.7142	-3.15163	22	29286712	A	T	0.0016236186930746997	2.7895159571992596
22:42655678:C:CACACA	9.51131e-05	0.00719432	-4.32598	-3.15159	22	42655678	C	CACACA	0.0016238411026431362	2.789456469935662
22:31112209:G:A	0.000421906	0.0172675	-3.7118	-3.14917	22	31112209	G	A	0.0016373491630186801	2.7858586978619395
22:49890430:A:G	0.000124935	1.3613e-05	2.21677	3.14674	22	49890430	A	G	0.001651017022246159	2.7822484490694497
22:35782226:T:G	0.00232037	0.000252995	2.21611	3.14614	22	35782226	T	G	0.0016544079247092767	2.7813573982855795
22:49890372:A:G	0.000124848	1.3613e-05	2.21607	3.1461	22	49890372	A	G	0.001654634212557565	2.781298000091232
22:34332357:A:C	7.35444e-06	0.000496679	-4.21264	-3.14576	22	34332357	A	C	0.0016565588094232192	2.780793141638571
22:35303772:G:A	0.00365015	0.000186415	2.97455	3.14487	22	35303772	G	A	0.0016616064815851267	2.7794718223762045
22:43751617:A:G	2.24931e-05	0.00155066	-4.23323	-3.14434	22	43751617	A	G	0.001664619117620966	2.7786851219404753
22:48787709:ATTAT:A	0.0502415	0.00462712	2.38491	3.14054	22	48787709	ATTAT	A	0.0016863667687146255	2.773047964523799
22:43862431:A:ACGCGCC	9.0263e-06	0.000489431	-3.9931	-3.13916	22	43862431	A	ACGCGCC	0.001694329078383632	2.771002235654474
22:49395140:C:T	0.00210262	0.0934517	-3.79426	-3.13872	22	49395140	C	T	0.0016968750472812378	2.7703501366300025
22:34845839:G:T	0.000290559	0.00761985	-3.26671	-3.13867	22	34845839	G	T	0.0016971645844797935	2.770276039435163
22:23807596:T:TAA	0.000190259	0.014184	-4.31148	-3.13702	22	23807596	T	TAA	0.0017067448431790243	2.7678314006674536
22:31165253:C:T	8.94512e-05	0.0112137	-4.8312	-3.13582	22	31165253	C	T	0.0017137435178972236	2.7660541748847307
22:42576729:G:A	2.69537e-05	0.00307196	-4.73595	-3.13534	22	42576729	G	A	0.0017165503707313717	2.7653434480438133
22:29865508:C:CTT	4.01442e-05	0.00216089	-3.9858	-3.13135	22	29865508	C	CTT	0.0017400464968589354	2.759439146510814
22:19096039:A:T	4.45499e-06	0.000329537	-4.30366	-3.12949	22	19096039	A	T	0.0017511003270807794	2.756688970850102
22:33434472:G:T	0.00116013	0.024686	-3.0577	-3.12714	22	33434472	G	T	0.0017651584996845983	2.7532162917221523
22:18091146:T:C	0.0418112	0.00377419	2.40498	3.12538	22	18091146	T	C	0.001775755045419606	2.7506169427013636
22:20121816:GTATCCTCTG:G	0.0173575	0.000126273	4.92333	3.12505	22	20121816	GTATCCTCTG	G	0.0017777483960236293	2.750129704530418
22:31164845:C:G	0.000116629	0.00511654	-3.78123	-3.12494	22	31164845	C	G	0.001778413303183398	2.749967301614997
22:43784512:ATGTG:A	0.00349337	4.51877e-05	4.3478	3.12488	22	43784512	ATGTG	A	0.001778776076162181	2.7498787202735984
22:31006060:G:T	6.88564e-05	0.0050663	-4.29834	-3.12381	22	31006060	G	T	0.001785256961668646	2.7482992647041766
22:19504650:G:T	0.0248863	0.000211626	4.76725	3.12241	22	19504650	G	T	0.0017937694035312602	2.7462333880537915
22:47699240:T:A	0.00016181	0.00387423	-3.17568	-3.12173	22	47699240	T	A	0.001797917464844298	2.7452302488571902
22:38430418:G:A	0.000160024	0.0179244	-4.71859	-3.11965	22	38430418	G	A	0.0018106604426213774	2.7421629863079517
22:35303460:A:G	0.00326449	0.000171639	2.94547	3.11768	22	35303460	A	G	0.001822805996768617	2.7392595513210813
22:41539281:A:G	0.000647328	3.79556e-05	2.83643	3.11646	22	41539281	A	G	0.0018303651005307188	2.7374622734767904
22:34514012:AGAGAGTGAG:A	0.00157102	1.34612e-05	4.75966	3.11624	22	34514012	AGAGAGTGAG	A	0.0018317312792000095	2.7371382383759255
22:19423522:CACAT:C	0.00285134	3.72735e-05	4.33726	3.11549	22	19423522	CACAT	C	0.0018363957514997838	2.736033720644818
22:31164669:A:AC	0.000116936	0.00507671	-3.77079	-3.11389	22	31164669	A	AC	0.0018463831244054454	2.7336781778761208
22:29464822:T:C	0.000115946	0.0208306	-5.19105	-3.11274	22	29464822	T	C	0.001853592347582837	2.731985772166617
22:29995292:G:A	7.73531e-06	0.000497894	-4.16459	-3.11271	22	29995292	G	A	0.0018537807599203087	2.731941629623537
22:21832804:G:T	2.0515e-07	7.15762e-06	-3.55219	-3.11267	22	21832804	G	T	0.0018540320037405385	2.731882773466627
22:34486080:A:T	0.00157594	0.000121323	2.56415	3.11261	22	34486080	A	T	0.0018544089281285643	2.7317944904466813
22:48399155:T:G	0.00136587	0.0180446	-2.58106	-3.11205	22	48399155	T	G	0.0018579302854928722	2.73097058592568
22:29285227:A:G	0.000147117	0.0162607	-4.70528	-3.10762	22	29285227	A	G	0.00188600400071238	2.7244573903444658
22:29865685:C:CT	3.80734e-05	0.00252903	-4.19608	-3.1065	22	29865685	C	CT	0.0018931630854449153	2.722811972376384
22:47642264:C:T	0.00103481	0.0215663	-3.03691	-3.1049	22	47642264	C	T	0.001903433652455104	2.7204622566877115
22:30059827:G:A	1.9467e-05	0.00102145	-3.96026	-3.10406	22	30059827	G	A	0.0019088461614648398	2.719229071040116
22:40844831:G:A	6.5559e-05	0.0079227	-4.79454	-3.10385	22	40844831	G	A	0.00191020149540318	2.7189208192830527
22:19364220:G:C	0.000407998	5.41126e-06	4.32278	3.10258	22	19364220	G	C	0.0019184168896272742	2.717057010725816
22:28628703:A:G	0.000542788	4.059e-06	4.89578	3.10215	22	28628703	A	G	0.001921205824134598	2.716426105467552
22:19504472:T:A	0.000192977	0.00811362	-3.73873	-3.10044	22	19504472	T	A	0.0019323335854829235	2.7139178976779395
22:49808628:A:G	0.000108576	0.00175516	-2.78287	-3.09831	22	49808628	A	G	0.0019462772442691643	2.7107952950645693
22:20120539:T:C	9.87544e-05	0.0167078	-5.131	-3.09741	22	20120539	T	C	0.0019521966461551509	2.7094764376741396
22:44779566:A:ATTT	0.0141898	0.00213526	1.89393	3.09705	22	44779566	A	ATTT	0.001954569031417316	2.7089489865598506
22:47699561:T:C	0.000166145	0.00387423	-3.14924	-3.09656	22	47699561	T	C	0.0019578023645034407	2.7082311513161836
22:41526182:GCTGC:G	0.000704072	1.63634e-05	3.76184	3.09389	22	41526182	GCTGC	G	0.0019755071690692357	2.704321389935175
22:38728907:C:T	0.000103402	0.00276748	-3.28707	-3.09244	22	38728907	C	T	0.001985183602389311	2.7021993207310357
22:17722378:G:T	0.00528476	0.000491515	2.37509	3.09237	22	17722378	G	T	0.001985651839506431	2.702096897550773
22:43868091:C:A	0.00026786	0.0184241	-4.23095	-3.09189	22	43868091	C	A	0.0019888653400821797	2.701394620615644
22:31263509:T:C	0.000551607	1.50039e-05	3.60453	3.09077	22	31263509	T	C	0.00199638207963925	2.6997563371973787
22:43660361:G:A	7.06962e-05	0.0029394	-3.72757	-3.08916	22	43660361	G	A	0.0020072330789479326	2.6974021945161946
22:31765798:G:A	1.30189e-06	0.000217322	-5.11756	-3.08593	22	31765798	G	A	0.0020291658674573133	2.6926824515486087
22:33807250:C:T	6.56924e-05	0.010955	-5.11657	-3.08508	22	33807250	C	T	0.002034974090624139	2.6914411158592024
22:26698825:A:G	0.000103752	0.0172672	-5.11456	-3.08336	22	26698825	A	G	0.002046773892749091	2.6889301312286085
22:29093492:A:G	0.000262224	0.0185309	-4.25799	-3.08326	22	29093492	A	G	0.002047461854910052	2.688784180584097
22:31006057:G:A	1.53038e-05	0.000781342	-3.93291	-3.08153	22	31006057	G	A	0.0020593972328637536	2.686259875139347
22:50204621:CA:C	0.00269025	5.18119e-05	3.94977	3.08138	22	50204621	CA	C	0.0020604350934761073	2.6860410617941612
22:25350784:T:C	6.32696e-05	0.0105031	-5.11202	-3.0812	22	25350784	T	C	0.0020616811595872515	2.685778497800612
22:30078321:C:A	1.07984e-05	0.000554254	-3.93822	-3.0805	22	30078321	C	A	0.002066533546808982	2.684757540260922
22:29089540:G:T	0.000207972	0.0130725	-4.14087	-3.07983	22	29089540	G	T	0.002071187785286041	2.683780523793015
22:30503630:C:T	0.000197318	0.0211282	-4.67355	-3.07895	22	30503630	C	T	0.002077315423806265	2.6824975542988843
22:20535716:T:C	0.00116628	0.193034	-5.10904	-3.07865	22	20535716	T	C	0.002079408189383182	2.682060249968194
22:29089720:G:A	0.000208684	0.0130725	-4.13744	-3.07668	22	29089720	G	A	0.00209319879920605	2.67918952307165
22:31113436:TAA:T	0.0181339	0.000472858	3.64675	3.07574	22	31113436	TAA	T	0.002099808608829476	2.677820288083796
22:43787293:A:T	0.000100274	0.00512386	-3.93376	-3.07572	22	43787293	A	T	0.002099949450827908	2.677791159309284
22:43787222:G:A	0.000100274	0.00512386	-3.93376	-3.07572	22	43787222	G	A	0.002099949450827908	2.677791159309284
22:43787292:C:A	0.000100274	0.00512386	-3.93376	-3.07572	22	43787292	C	A	0.002099949450827908	2.677791159309284
22:35267530:C:T	0.000379819	0.0076898	-3.00796	-3.07394	22	35267530	C	T	0.002112519144371707	2.6751993466351607
22:36834165:G:A	0.0282751	0.00305905	2.22388	3.07242	22	36834165	G	A	0.002123307392634872	2.6729871281791393
22:49812255:G:A	0.000190508	0.00299942	-2.75648	-3.07236	22	49812255	G	A	0.0021237342792048146	2.6728998229456735
22:28428607:A:ATTATTTTAT	5.49988e-06	0.000339292	-4.12213	-3.0716	22	28428607	A	ATTATTTTAT	0.0021291483253988597	2.6717940827333906
22:49872129:A:G	6.17409e-06	0.000150886	-3.19616	-3.07074	22	49872129	A	G	0.0021352900078041455	2.670543132238164
22:49872136:A:C	6.17409e-06	0.000150886	-3.19616	-3.07074	22	49872136	A	C	0.0021352900078041455	2.670543132238164
22:25785800:T:C	0.000553261	0.0150534	-3.30353	-3.07064	22	25785800	T	C	0.002136005210202879	2.6703976922990993
22:30835718:C:CT	0.000100923	0.00703704	-4.24459	-3.06978	22	30835718	C	CT	0.0021421650241532026	2.6691470758391347
22:31267999:C:T	5.81432e-06	0.000405327	-4.24437	-3.06956	22	31267999	C	T	0.002143743404550415	2.6688271987632497
22:20736358:G:C	8.39754e-06	0.001373	-5.09681	-3.0682	22	20736358	G	C	0.0021535243587688484	2.666850211517324
22:48854403:A:G	0.00112609	0.0249586	-3.09847	-3.06792	22	48854403	A	G	0.0021555431565900064	2.666443277620452
22:23814970:CA:C	0.0142882	0.000197608	4.2809	3.06526	22	23814970	CA	C	0.0021748084539404914	2.6625789874725294
22:29995001:T:C	7.62294e-06	0.000527143	-4.23631	-3.06464	22	29995001	T	C	0.0021793214850249812	2.661678699595957
22:35268334:T:C	0.00566033	0.000533283	2.36218	3.06427	22	35268334	T	C	0.0021820188341288753	2.661141505112049
22:19261064:C:T	8.29241e-05	0.00323913	-3.66513	-3.06359	22	19261064	C	T	0.002186984106154681	2.6601543731737944
22:35272059:T:C	0.00473043	0.000263781	2.88665	3.06269	22	35272059	T	C	0.002193571714519502	2.658848162621712
22:26694677:A:G	0.000124721	0.0210661	-5.12934	-3.05941	22	26694677	A	G	0.0022177341107405364	2.654090523633271
22:30067261:GAT:G	0.00126816	1.77034e-05	4.27157	3.05781	22	30067261	GAT	G	0.002229608938920296	2.651771303123252
22:28430036:A:AT	1.50684e-06	5.84804e-05	-3.65868	-3.05755	22	28430036	A	AT	0.0022315440927283487	2.65139452758239
22:28792046:C:CT	1.8066e-05	0.00123839	-4.22754	-3.05619	22	28792046	C	CT	0.002241691539971467	2.649424147184656
22:41527640:G:A	1.51122e-05	0.000666631	-3.78674	-3.05481	22	41527640	G	A	0.0022520314168527227	2.6474255551747747
22:33395145:T:C	0.00111907	0.0268548	-3.17795	-3.05463	22	33395145	T	C	0.002253383313283584	2.647164926037252
22:31767381:G:T	3.42421e-06	5.29373e-05	-2.73824	-3.05442	22	31767381	G	T	0.002254961465541326	2.6468608752697267
22:28793458:G:A	1.15551e-05	0.000793428	-4.22923	-3.05435	22	28793458	G	A	0.0022554877412866202	2.646759528976842
22:33806783:A:G	6.82514e-05	0.010955	-5.07835	-3.05243	22	33806783	A	G	0.0022699666807785585	2.6439805174589535
22:42591069:AAAAAAAT:A	0.00199791	3.76176e-05	3.97238	3.04997	22	42591069	AAAAAAAT	A	0.0022886422582293698	2.6404220873687123
22:29090492:A:G	0.000215524	0.0131076	-4.10788	-3.04952	22	29090492	A	G	0.0022920737120220684	2.6397714197719813
22:49370625:G:A	0.00195101	0.122463	-4.13946	-3.04882	22	49370625	G	A	0.0022974208973062446	2.638759432914567
22:34693678:G:A	7.87575e-05	0.00255424	-3.47914	-3.04879	22	34693678	G	A	0.002297650317526362	2.6387160664764604
22:34683032:A:G	4.69304e-05	0.00749464	-5.07328	-3.04809	22	34683032	A	G	0.0023030094169067283	2.637704286220629
22:25801437:T:C	0.000204654	0.0139524	-4.22209	-3.04717	22	25801437	T	C	0.0023100702164951335	2.6363748191672
22:43749536:G:T	2.37907e-05	0.00162057	-4.22124	-3.04631	22	43749536	G	T	0.002316688453215607	2.6351323659280403
22:47726228:C:T	0.000215168	0.00549383	-3.23996	-3.0458	22	47726228	C	T	0.002320621419540734	2.6343957034970544
22:43842443:T:C	0.000175911	0.0292363	-5.11319	-3.04545	22	43842443	T	C	0.002323324051299565	2.633890211690849
22:33389570:T:C	0.000622743	0.0193183	-3.43468	-3.0446	22	33389570	T	C	0.002329899590751069	2.6326627949063313
22:48842900:T:C	0.000646786	0.0139879	-3.07393	-3.04442	22	48842900	T	C	0.0023312942427755716	2.6324029088264456
22:34797417:G:A	5.62091e-05	0.00265054	-3.85344	-3.04313	22	34797417	G	A	0.002341311642890723	2.630540775205658
22:28720092:A:AT	8.78459e-05	0.00382998	-3.77503	-3.04261	22	28720092	A	AT	0.002345360799575818	2.6297903379332284
22:31265537:C:CA	5.89336e-06	0.000399678	-4.21683	-3.04188	22	31265537	C	CA	0.002351056012845527	2.628737023882314
22:19110716:A:G	0.000304353	0.0181829	-4.09005	-3.04054	22	19110716	A	G	0.0023615432082260026	2.6268041038994956
22:30076922:C:CA	1.0983e-05	0.000740719	-4.21127	-3.04053	22	30076922	C	CA	0.0023616216316357293	2.626789681851884
22:34339383:G:A	5.39305e-06	0.00032476	-4.09798	-3.04043	22	34339383	G	A	0.00236240599689247	2.626645463598852
22:35788047:C:G	0.00120252	0.000147676	2.09715	3.03866	22	35788047	C	G	0.002376328794954182	2.6240934694336207
22:29680853:T:TA	0.000114671	0.00774816	-4.21315	-3.03818	22	29680853	T	TA	0.0023801173958042433	2.6234016214760105
22:34500088:A:G	0.000141786	2.0222e-06	4.25013	3.03783	22	34500088	A	G	0.0023828834024995998	2.622897207712247
22:25803087:G:A	0.000190478	0.0128513	-4.21166	-3.03669	22	25803087	G	A	0.0023919130965042294	2.6212546032765545
22:48042648:CACAT:C	0.0959959	0.000777099	4.81649	3.03625	22	48042648	CACAT	C	0.0023954066115651506	2.6206207560821984
22:17661549:A:C	0.00255186	0.000206176	2.51585	3.03536	22	17661549	A	C	0.0024024873229605563	2.619338895265162
22:19095022:T:C	8.63221e-05	4.74676e-06	2.90062	3.03503	22	19095022	T	C	0.0024051176205589376	2.618863679909434
22:48843120:A:G	0.000646786	0.0138326	-3.06277	-3.03373	22	48843120	A	G	0.0024155050646365844	2.6169920475827957
22:40366979:T:TA	2.70691e-06	0.000180753	-4.20132	-3.03095	22	40366979	T	TA	0.0024378561426954336	2.6129919255744367
22:23810928:C:T	2.21878e-05	0.00124455	-4.02699	-3.03066	22	23810928	C	T	0.0024401985991016274	2.6125748265366635
22:46390418:T:C	0.013842	0.00147363	2.23997	3.02996	22	46390418	T	C	0.0024458612933887583	2.6115681757641434
22:19366234:C:T	7.07295e-06	0.000396114	-4.02542	-3.02924	22	19366234	C	T	0.002451698322514288	2.610532970094787
22:30504141:C:T	0.000113635	0.00728136	-4.16008	-3.02757	22	30504141	C	T	0.0024652860919277073	2.6081326743843753
22:26041549:C:T	0.00206511	0.0342397	-2.8082	-3.02727	22	26041549	C	T	0.002467734297225056	2.6077016029293145
22:33278555:A:T	0.0145152	0.0017941	2.0907	3.02712	22	33278555	A	T	0.002468959233920032	2.6074860808375053
22:25785627:T:C	0.0105561	0.000742397	2.65458	3.02645	22	25785627	T	C	0.0024744374131819647	2.6065235264773796
22:33806827:A:T	6.84966e-05	0.010648	-5.04634	-3.02508	22	33806827	A	T	0.0024856736994462855	2.604555882866884
22:43859342:C:T	5.88504e-06	0.000390557	-4.19516	-3.02502	22	43859342	C	T	0.0024861668649073347	2.604469726025638
22:20916630:A:AAAGAAAAG	6.02097e-05	0.00977204	-5.08945	-3.02494	22	20916630	A	AAAGAAAAG	0.002486824558108516	2.6043548524996547
22:44613415:A:G	0.00224066	0.058407	-3.26066	-3.02383	22	44613415	A	G	0.002495966492888636	2.60276124913835
22:33806297:C:T	6.86693e-05	0.010648	-5.04382	-3.02292	22	33806297	C	T	0.0025034841559943236	2.601455152811511
22:42590507:T:C	3.18876e-05	0.00188129	-4.0775	-3.02161	22	42590507	T	C	0.0025143426624729434	2.5995755356078534
22:29089605:T:TAAATAA	0.000231086	0.011092	-3.87119	-3.02065	22	29089605	T	TAAATAA	0.002522327376804981	2.5981985463463
22:43748075:C:T	2.41693e-05	0.00147539	-4.11159	-3.02044	22	43748075	C	T	0.0025240771219475094	2.597897379568735
22:20721920:G:T	2.96846e-05	0.00164493	-4.01483	-3.01964	22	20721920	G	T	0.0025307529936692266	2.596750240745076
22:19110326:C:T	0.000302264	0.0176707	-4.06837	-3.01954	22	19110326	C	T	0.002531588612221402	2.5966068665685644
22:41033328:T:TTGTATTGTA	6.27767e-05	0.00413993	-4.18885	-3.01894	22	41033328	T	TTGTATTGTA	0.0025366076253954665	2.595746706331492
22:26702879:C:G	0.000280436	0.0111186	-3.68003	-3.01787	22	26702879	C	G	0.002545580791589537	2.5942131147787886
22:41525661:A:G	0.000674584	1.70317e-05	3.67902	3.01678	22	41525661	A	G	0.002554751522098003	2.592651333427268
22:29286150:G:GT	0.000205599	0.00738895	-3.58182	-3.01661	22	29286150	G	GT	0.0025561845401307023	2.5924077961054155
22:26703325:G:T	0.000280776	0.0111127	-3.67828	-3.01602	22	26703325	G	T	0.0025611636603473163	2.591562668890115
22:30085869:C:T	9.7766e-06	0.000641864	-4.18438	-3.01464	22	30085869	C	T	0.0025728443913720297	2.589586479631892
22:34801777:G:A	7.09398e-05	0.00324596	-3.82333	-3.01387	22	34801777	G	A	0.0025793830546932263	2.588484157595961
22:33805206:C:T	8.73336e-05	0.00509866	-4.067	-3.01197	22	33805206	C	T	0.0025955824767213923	2.585765166509313
22:30616686:A:G	0.000259931	0.0415371	-5.07392	-3.01152	22	30616686	A	G	0.0025994327815664618	2.5851214084562946
22:18084510:T:C	0.0031925	0.074603	-3.15138	-3.01129	22	18084510	T	C	0.0026014027311238824	2.5847924081403866
22:28719078:C:T	8.74486e-05	0.00369972	-3.74496	-3.01126	22	28719078	C	T	0.0026016597816706215	2.584749496630546
22:34338883:G:A	5.57219e-06	0.000324917	-4.06578	-3.01085	22	34338883	G	A	0.002605175134002976	2.584163075752382
22:29681068:A:T	0.00820218	0.000120801	4.21801	3.00921	22	29681068	A	T	0.002619280013075097	2.581818071016192
22:49925093:C:T	0.000819585	0.0133333	-2.78922	-3.00917	22	49925093	C	T	0.0026196249050159117	2.5817608893458597
22:49811064:G:A	0.000195503	0.00288461	-2.69157	-3.00852	22	49811064	G	A	0.0026252352209545768	2.580831777749104
22:49925087:C:T	0.0101751	0.00167745	1.80266	3.00849	22	49925087	C	T	0.0026254944235922853	2.5807888997938626
22:26043792:G:C	0.00264724	0.0389764	-2.68944	-3.00643	22	26043792	G	C	0.0026433490651522834	2.5778454827027537
22:20721249:A:C	3.08668e-05	0.00168218	-3.99817	-3.00453	22	20721249	A	C	0.002659915257375602	2.575132199399163
22:34686595:T:TTTTGTTTTG	1.01411e-05	0.000192298	-2.94245	-3.00388	22	34686595	T	TTTTGTTTTG	0.002665604387227037	2.574204305482293
22:38133869:C:CCAT	0.000296571	0.0193481	-4.17806	-3.00291	22	38133869	C	CCAT	0.0026741150027579175	2.5728199194415793
22:43785561:GA:G	0.00264273	8.48131e-05	3.43912	3.00055	22	43785561	GA	G	0.0026949250499438346	2.5694533087141425
22:35268948:T:C	0.00666788	0.000397534	2.81978	3.00015	22	35268948	T	C	0.0026984668078464872	2.5688829195508776
22:49922276:G:T	0.00648654	0.00107752	1.79507	2.99634	22	49922276	G	T	0.002732415876060222	2.5634531999638908
22:42576057:C:T	3.05496e-05	0.00197871	-4.17085	-2.99567	22	42576057	C	T	0.0027384261091347377	2.5624989731313947
22:42914223:T:C	1.42652e-05	0.00214232	-5.01182	-2.99558	22	42914223	T	C	0.0027392343733701197	2.562370807210555
22:29805511:T:C	1.64304e-05	0.00160392	-4.58107	-2.99539	22	29805511	T	C	0.0027409414247431996	2.5621002454465005
22:49920698:A:G	0.000307626	0.00901005	-3.37721	-2.99494	22	49920698	A	G	0.0027449883184819854	2.5614594993849673
22:29294257:G:A	7.70633e-05	0.00498664	-4.16989	-2.9947	22	29294257	G	A	0.0027471488930145456	2.5611178015687974
22:41996556:C:G	1.28285e-05	0.000730802	-4.04247	-2.99448	22	41996556	C	G	0.0027491307842846474	2.560804598991717
22:30412772:A:G	0.000104562	0.0062195	-4.08567	-2.99403	22	30412772	A	G	0.0027531887216028805	2.5601640181956205
22:34505533:A:G	2.13422e-06	0.000138005	-4.16919	-2.994	22	34505533	A	G	0.0027534594452093735	2.5601213157149263
22:34507314:T:C	0.00015302	2.29574e-06	4.19952	2.99272	22	34507314	T	C	0.0027650329973011563	2.5582996815526644
22:19365242:C:G	5.84208e-06	0.000376814	-4.16666	-2.99146	22	19365242	C	G	0.0027764690958210696	2.5565071561871187
22:32538239:C:A	0.00189679	0.0479489	-3.22997	-2.99032	22	32538239	C	A	0.0027868532511977754	2.5548858995583115
22:41520843:G:GA	2.40641e-05	0.000929244	-3.65365	-2.98996	22	41520843	G	GA	0.0027901398200282116	2.554374032731706
22:39317100:C:T	4.16931e-05	0.00620802	-5.00326	-2.98827	22	39317100	C	T	0.0028056158002359153	2.551971801326743
22:29551391:A:G	1.30208e-06	7.40428e-05	-4.04068	-2.98779	22	29551391	A	G	0.0028100256172135115	2.5512897208907357
22:34798216:C:T	6.0267e-05	0.00268445	-3.79645	-2.98774	22	34798216	C	T	0.0028104853369728434	2.5512186761915
22:30641721:ATTTTTT:A	0.00204373	4.34066e-05	3.85192	2.98677	22	30641721	ATTTTTT	A	0.002819417502019895	2.5498406086272167
22:26694216:C:T	0.000127144	0.0122861	-4.57091	-2.98621	22	26694216	C	T	0.0028245860111344783	2.549045196076407
22:30058819:C:G	0.000825514	1.75883e-05	3.84877	2.98604	22	30058819	C	G	0.002826156733841085	2.548803756586968
22:41534893:CAAAAAAA:C	0.000593931	1.20806e-05	3.89516	2.98468	22	41534893	CAAAAAAA	C	0.002838751257271186	2.5468726604249365
22:29908245:C:T	4.12501e-06	0.000262021	-4.15136	-2.98284	22	29908245	C	T	0.0028558724792251623	2.5442611886344046
22:34695536:T:A	8.79537e-05	0.00263287	-3.39902	-2.97873	22	34695536	T	A	0.002894457066237716	2.5384328879815565
22:41805107:A:G	1.95677e-05	0.000900031	-3.82855	-2.97859	22	41805107	A	G	0.0028957797242777626	2.538234477063658
22:34506161:G:A	2.53868e-06	0.000134375	-3.96899	-2.97809	22	34506161	G	A	0.0029005080078237577	2.537525931179363
22:20722466:T:C	0.000714298	3.72093e-05	2.95474	2.97578	22	20722466	T	C	0.002922444294726282	2.5342537582580147
22:20722465:T:G	0.000714298	3.72093e-05	2.95474	2.97578	22	20722465	T	G	0.002922444294726282	2.5342537582580147
22:29807578:G:A	0.00144504	1.47197e-05	4.58671	2.97568	22	29807578	G	A	0.002923397327791663	2.534112154351594
22:45161727:A:ATGGCTGGGT	0.000105105	0.0100293	-4.55831	-2.97483	22	45161727	A	ATGGCTGGGT	0.00293150956814454	2.5329086839845245
22:19101740:T:TAAA	1.07991e-05	0.000679837	-4.14239	-2.97421	22	19101740	T	TAAA	0.002937439683323334	2.5320310423266017
22:25125216:C:A	2.49902e-05	0.00145421	-4.06374	-2.97169	22	25125216	C	A	0.002961655573841561	2.5284654492170886
22:38428822:T:C	0.000155898	0.0148237	-4.55478	-2.97164	22	38428822	T	C	0.0029621378854986047	2.5283947292322977
22:35302358:T:G	0.00271318	0.000166962	2.78811	2.97054	22	35302358	T	G	0.002972766890729881	2.5268391446258316
22:41102623:G:A	0.000127432	0.00437279	-3.53557	-2.96945	22	41102623	G	A	0.0029833335834700083	2.5252981829904635
22:23813089:A:T	0.000175089	0.00809963	-3.83428	-2.96938	22	23813089	A	T	0.0029840133479932637	2.5251992385228093
22:23992891:T:C	0.00154152	0.0625268	-3.70283	-2.96734	22	23992891	T	C	0.0030038858018371127	2.5223165818458675
22:19492075:G:T	0.000276534	0.0261282	-4.54844	-2.96591	22	19492075	G	T	0.003017887898638982	2.520296896404932
22:40663543:C:CA	0.00722922	0.000989693	1.98849	2.96559	22	40663543	C	CA	0.0030210293758704118	2.5198450517156656
22:30052560:A:G	9.97707e-06	0.000942283	-4.54802	-2.96553	22	30052560	A	G	0.003021618734827575	2.519760335432646
22:43736581:G:A	0.00241174	2.96871e-05	4.39739	2.96353	22	43736581	G	A	0.003041324147333854	2.5169372898538422
22:25871978:AT:A	0.101163	0.0105339	2.26213	2.96317	22	25871978	AT	A	0.0030448835441953294	2.5164293129097657
22:31208322:G:GAAAAAA	4.52395e-05	0.00204801	-3.81265	-2.96291	22	31208322	G	GAAAAAA	0.0030474565821375387	2.516062473165661
22:29804410:A:G	1.29807e-05	0.00122206	-4.54483	-2.96265	22	29804410	A	G	0.003050031603000177	2.5156956606737118
22:47695044:C:T	0.00019984	0.00309438	-2.73983	-2.96204	22	47695044	C	T	0.00305608078935119	2.514835169106279
22:32143388:C:T	8.93219e-05	0.00125473	-2.64243	-2.96019	22	32143388	C	T	0.0030744936552075876	2.5122263988662596
22:19112134:G:A	0.000326571	0.0179461	-4.00648	-2.95963	22	19112134	G	A	0.0030800871927912244	2.5114369890800425
22:19096165:T:C	4.91201e-06	0.000140995	-3.35704	-2.95852	22	19096165	T	C	0.003091201818940185	2.509872639714829
22:23821963:A:G	0.000138941	0.00719615	-3.94725	-2.95838	22	23821963	A	G	0.0030926062578562796	2.5096753696591154
22:29454772:A:C	0.00015142	0.00608427	-3.6934	-2.95752	22	29454772	A	C	0.0031012462975256315	2.5084637412091007
22:36832234:A:G	0.00176838	0.0247642	-2.63934	-2.95716	22	36832234	A	G	0.0031048695887211735	2.5079566364175756
22:30074936:A:T	1.20002e-05	0.000548753	-3.82272	-2.95703	22	30074936	A	T	0.003106178947694028	2.5077735280802855
22:21656416:G:A	0.000171773	0.00943747	-4.00627	-2.95618	22	21656416	G	A	0.0031147525558600665	2.506576449130987
22:34678687:C:T	4.35638e-06	7.89352e-05	-2.89699	-2.95526	22	34678687	C	T	0.0031240565355384275	2.505281115367656
22:29563346:T:A	1.1006e-05	0.000629612	-4.04666	-2.9543	22	29563346	T	A	0.003133792043384304	2.5039298264402468
22:26703867:G:T	0.000188808	0.0270124	-4.96332	-2.95414	22	26703867	G	T	0.003135417314377029	2.503704647729736
22:29090972:T:TTTTA	0.000244508	0.0134	-4.00377	-2.95388	22	29090972	T	TTTTA	0.0031380600187065196	2.503338754329776
22:19095738:C:CTTTT	4.69604e-06	0.000241302	-3.93933	-2.95119	22	19095738	C	CTTTT	0.003165521270453676	2.499554763927497
22:49922796:A:G	0.000448302	0.00954771	-3.05859	-2.94905	22	49922796	A	G	0.0031875240154485866	2.496546534483475
22:38603116:T:C	1.9451e-05	1.75656e-06	2.40454	2.94895	22	38603116	T	C	0.0031885555817586513	2.496406008144913
22:49912690:G:A	0.00200039	0.00023379	2.14667	2.94861	22	49912690	G	A	0.0031920651834676946	2.4959282487338115
22:19095594:G:C	4.81915e-06	0.000136966	-3.34714	-2.94837	22	19095594	G	C	0.003194544668645694	2.4955910348410573
22:29818477:C:G	0.000814675	1.80322e-05	3.81063	2.94609	22	29818477	C	G	0.003218187470273166	2.4923886603818945
22:34695080:A:G	8.99931e-05	0.00259399	-3.36122	-2.94568	22	34695080	A	G	0.00322245590268948	2.4918130169845396
22:27984381:A:T	4.8232e-06	0.000713682	-4.997	-2.94505	22	27984381	A	T	0.0032290247679484935	2.4909286237527035
22:20714785:C:A	3.51472e-05	0.00497284	-4.9522	-2.94464	22	20714785	C	A	0.0032333062953856934	2.490353152148436
22:47695320:T:C	0.000202676	0.00308082	-2.72134	-2.94441	22	47695320	T	C	0.0032357103920733887	2.490030356266484
22:31678576:C:T	5.67361e-05	0.00321051	-4.03578	-2.94321	22	31678576	C	T	0.00324827994286029	2.488346549504622
22:49914284:T:C	0.000198361	0.00301218	-2.72033	-2.94185	22	49914284	T	C	0.0032625792032631574	2.486438936474318
22:43787356:GCACACACA:G	0.0123409	0.000196029	4.14241	2.94183	22	43787356	GCACACACA	G	0.0032627899137112697	2.4864108889008287
22:47694783:T:G	0.000202676	0.00307193	-2.71845	-2.94165	22	47694783	T	G	0.003264686865725034	2.486158467990562
22:29861005:C:T	2.83605e-05	0.00284292	-4.60759	-2.94085	22	29861005	C	T	0.003273129925688372	2.4850367551901327
22:29820913:CAA:C	0.0015805	1.68311e-05	4.54227	2.93956	22	29820913	CAA	C	0.003286786266659427	2.483228536328598
22:31265305:G:A	6.43604e-06	0.000394146	-4.11481	-2.93934	22	31265305	G	A	0.0032891204289340874	2.482920224825637
22:40284696:C:T	7.11562e-05	0.00319968	-3.80593	-2.93908	22	40284696	C	T	0.0032918809310461413	2.4825558818208924
22:23813427:G:A	0.000175635	0.00787415	-3.80293	-2.93588	22	23813427	G	A	0.0033260296002422048	2.4780738900639894
22:41995172:T:C	0.000819485	1.47648e-05	4.01643	2.93321	22	41995172	T	C	0.003354768956487831	2.4743373844003793
22:34694629:T:C	8.9593e-05	0.00254385	-3.34616	-2.93251	22	34694629	T	C	0.003362340941453273	2.4733582511926646
22:30635656:T:C	0.000208039	1.47182e-05	2.64864	2.93236	22	30635656	T	C	0.0033639655330091603	2.4731484626067695
22:38200798:CAAAAAAAAA:C	0.0108741	0.000138469	4.36349	2.93208	22	38200798	CAAAAAAAAA	C	0.0033670000164555546	2.472756881489382
22:20703891:A:G	8.44313e-05	0.00354848	-3.73834	-2.93127	22	20703891	A	G	0.0033757923833773566	2.471624271029264
22:41034580:A:C	7.7355e-05	0.00703259	-4.50991	-2.93109	22	41034580	A	C	0.0033777490795255847	2.471372615696019
22:20920299:A:G	7.89629e-05	0.00781882	-4.59531	-2.93014	22	20920299	A	G	0.003388093205068652	2.470044650912103
22:29453219:C:T	0.000157704	0.00616967	-3.66668	-2.92966	22	29453219	C	T	0.003393330671202136	2.4693738174309097
22:19112304:A:T	0.000336892	0.0179461	-3.97537	-2.92951	22	19112304	A	T	0.0033949688904254603	2.4691642009942187
22:19112301:A:T	0.000336892	0.0179461	-3.97537	-2.92951	22	19112301	A	T	0.0033949688904254603	2.4691642009942187
22:19112307:A:T	0.000336892	0.0179461	-3.97537	-2.92951	22	19112307	A	T	0.0033949688904254603	2.4691642009942187
22:49218222:TA:T	0.0314698	0.00131315	3.1766	2.92721	22	49218222	TA	T	0.00342017858369706	2.4659512167832442
22:46430402:T:C	0.00960371	0.0823789	-2.14918	-2.92674	22	46430402	T	C	0.0034253510524333195	2.465294912544745
22:31166558:T:TTTC	0.00291969	5.30224e-05	4.00852	2.92664	22	31166558	T	TTTC	0.0034264524960062248	2.4651552848199927
22:49912076:G:A	0.00195023	0.00023379	2.12128	2.92646	22	49912076	G	A	0.0034284359069416035	2.4649039650615996
22:34703486:G:A	0.00300037	0.000317671	2.24548	2.9264	22	34703486	G	A	0.0034290972761321253	2.464820194707693
22:40551454:C:T	2.14732e-06	0.000119249	-4.017	-2.92408	22	40551454	C	T	0.0034547594552414855	2.4615821858869067
22:31748506:C:G	5.35504e-05	0.00297066	-4.01592	-2.92298	22	31748506	C	G	0.00346698784962725	2.4600476803652604
22:26699794:A:T	7.70966e-05	0.011117	-4.97117	-2.92273	22	26699794	A	T	0.0034697725183321297	2.4596989970453036
22:47723430:AAG:A	0.00589825	0.00038203	2.73691	2.92267	22	47723430	AAG	A	0.0034704411416470906	2.459615316792423
22:31175076:TA:T	2.53586e-05	0.000985076	-3.6596	-2.92228	22	31175076	TA	T	0.003474790052223179	2.459071430473994
22:20919153:G:A	7.44372e-05	0.0073045	-4.58629	-2.92227	22	20919153	G	A	0.0034749016279396064	2.4590574854760883
22:46417538:A:G	0.0537149	0.00959618	1.72232	2.92224	22	46417538	A	G	0.003475236374652782	2.4590156507239076
22:38130874:GAA:G	0.018292	0.000297099	4.12015	2.92199	22	38130874	GAA	G	0.0034780270721071517	2.458667041878737
22:40704420:T:A	8.81284e-05	0.00501866	-4.04212	-2.92053	22	40704420	T	A	0.0034943655190304516	2.4566316687305285
22:49392843:C:A	0.00166427	0.0947596	-4.04196	-2.92037	22	49392843	C	A	0.0034961602737558456	2.4564086663087252
22:44625941:T:G	0.00901292	0.00150719	1.78841	2.91847	22	44625941	T	G	0.003517537205311052	2.453761300296675
22:41539059:G:A	0.00039151	4.26842e-05	2.21618	2.91674	22	41539059	G	A	0.0035371048379198087	2.4513520677353444
22:29822281:T:C	1.85664e-05	0.00165961	-4.49298	-2.9158	22	29822281	T	C	0.0035477784383413304	2.4500435100382543
22:40627163:T:C	1.50373e-05	0.000413589	-3.31434	-2.91474	22	40627163	T	C	0.003559849772922229	2.4485683290404743
22:42913480:CAAAAAAA:C	0.0017474	6.25554e-05	3.32983	2.91339	22	42913480	CAAAAAAA	C	0.00357527773643869	2.4466902154803503
22:26497874:C:CA	0.00180465	0.000204736	2.1764	2.91288	22	26497874	C	CA	0.003581121889531329	2.4459808967903967
22:49925279:T:C	0.000903611	0.0132764	-2.68735	-2.91197	22	49925279	T	C	0.0035915712817384455	2.444715509723941
22:42256940:C:G	0.000100229	0.0142702	-4.95847	-2.91176	22	42256940	C	G	0.003593986615069121	2.444423544648427
22:26498297:T:C	3.3958e-05	0.00301926	-4.48764	-2.91098	22	26498297	T	C	0.003602970793858524	2.4433392583097073
22:46024585:T:C	0.000638476	0.0138655	-3.07808	-2.91079	22	46024585	T	C	0.0036051623393288253	2.4430751743599988
22:46032426:T:C	0.0101207	0.00191241	1.66622	2.9104	22	46032426	T	C	0.0036096645737285532	2.442533152816474
22:26695787:G:A	0.000120974	0.0164435	-4.91211	-2.91038	22	26695787	G	A	0.003609895595331171	2.4425053584897003
22:49394501:A:G	0.00169686	0.088685	-3.95631	-2.91029	22	49394501	A	G	0.003610935358967018	2.4423802860110584
22:28628315:T:G	4.01945e-06	0.000542788	-4.90557	-2.9048	22	28628315	T	G	0.003674878392062661	2.434757027880461
22:25122848:G:A	7.73495e-05	0.00421488	-3.99804	-2.90477	22	25122848	G	A	0.003675230618184219	2.4347154040457997
22:31269801:T:C	4.93471e-06	0.000696368	-4.94958	-2.90408	22	31269801	T	C	0.0036833402956884705	2.4337581557819106
22:27985094:T:C	4.89795e-06	0.000689305	-4.94687	-2.90173	22	27985094	T	C	0.0037110824270080267	2.4304993994110684
22:19113442:C:A	0.000353665	0.0182969	-3.94614	-2.90121	22	19113442	C	A	0.0037172467200799453	2.429778613073395
22:29459338:G:A	0.000105362	0.00926316	-4.4764	-2.90082	22	29459338	G	A	0.003721876046696648	2.4292380947012386
22:34377583:A:G	0.000263869	0.00454176	-2.84562	-2.90032	22	34377583	A	G	0.0037278187472017488	2.4285452119306523
22:49175436:A:G	0.00164057	0.0623647	-3.63795	-2.89971	22	49175436	A	G	0.003735080521693319	2.42770003113101
22:38426059:G:A	0.000249974	0.0219473	-4.47504	-2.89959	22	38426059	G	A	0.0037365105801658704	2.4275337836737965
22:38446954:CA:C	0.00108759	0.0471266	-3.76887	-2.89947	22	38446954	CA	C	0.0037379411363149847	2.427367542008785
22:26487599:G:A	4.73186e-05	0.00244157	-3.94349	-2.89865	22	26487599	G	A	0.003747729935123591	2.4262317123177195
22:29020787:GT:G	0.0301628	0.000288229	4.65061	2.89838	22	29020787	GT	G	0.003750958171666592	2.4258577788020026
22:29020785:GT:G	0.0301628	0.000288229	4.65061	2.89838	22	29020785	GT	G	0.003750958171666592	2.4258577788020026
22:28628742:C:T	4.059e-06	0.000542788	-4.89578	-2.89643	22	28628742	C	T	0.0037743483593239615	2.4231580184397403
22:28372151:G:A	1.0383e-05	0.00138756	-4.89514	-2.89588	22	28372151	G	A	0.0037809695163146494	2.422396824078804
22:29090276:A:G	9.64141e-05	0.0128713	-4.8941	-2.895	22	29090276	A	G	0.003791585326281891	2.4211791661533733
22:25347205:C:T	8.59711e-05	0.0114751	-4.89393	-2.89485	22	25347205	C	T	0.0037933975389560165	2.4209716418930376
22:48940621:G:A	0.000810152	0.0437039	-3.98797	-2.89451	22	48940621	G	A	0.0037975081354457807	2.420501287070067
22:49924862:A:G	0.000826344	0.0119167	-2.66869	-2.89417	22	49924862	A	G	0.003801622779302061	2.4200309787370586
22:49924866:T:C	0.000826344	0.0119167	-2.66869	-2.89417	22	49924866	T	C	0.003801622779302061	2.4200309787370586
22:49924774:T:G	0.000826344	0.0119167	-2.66869	-2.89417	22	49924774	T	G	0.003801622779302061	2.4200309787370586
22:49924861:C:G	0.000826344	0.0119167	-2.66869	-2.89417	22	49924861	C	G	0.003801622779302061	2.4200309787370586
22:49924870:T:C	0.000826344	0.0119167	-2.66869	-2.89417	22	49924870	T	C	0.003801622779302061	2.4200309787370586
22:27984147:A:G	4.8757e-06	0.000679944	-4.93775	-2.89385	22	27984147	A	G	0.0038054990856752962	2.4195883780679357
22:49923753:G:A	0.000759716	0.0109495	-2.6681	-2.89361	22	49923753	G	A	0.003808408672050412	2.4192564545907804
22:25046972:GTT:G	0.0242101	0.000406013	4.08814	2.89345	22	25046972	GTT	G	0.003810349519175144	2.4190351851414644
22:21891167:AATTATT:A	0.00521849	0.000225887	3.13993	2.89229	22	21891167	AATTATT	A	0.003824447561226614	2.417431289513829
22:22481970:G:A	0.000258459	0.0139053	-3.98529	-2.89178	22	22481970	G	A	0.003830660824422236	2.416726299753508
22:46032094:G:C	0.0101554	0.00195457	1.64783	2.89075	22	46032094	G	C	0.0038432371535165157	2.415302815825582
22:38435199:C:A	0.000289218	0.0147976	-3.93504	-2.89075	22	38435199	C	A	0.0038432371535165157	2.415302815825582
22:31763151:T:C	3.90471e-06	0.000227573	-4.06529	-2.88956	22	31763151	T	C	0.003857813785615379	2.413658739323415
22:49925703:T:C	0.000953475	0.0136586	-2.66201	-2.8878	22	49925703	T	C	0.0038794645900937725	2.41122820781112
22:20121565:A:T	0.000126292	0.0167078	-4.88504	-2.88725	22	20121565	A	T	0.003886253067699896	2.4104689221286524
22:30051802:A:AT	8.82388e-06	0.000830444	-4.5445	-2.88583	22	30051802	A	AT	0.0039038296036545766	2.408509146898679
22:41527647:T:C	1.7943e-05	0.000912062	-3.92851	-2.88474	22	41527647	T	C	0.003917370401889455	2.4070053623578485
22:30000568:A:T	3.38133e-05	0.00180662	-3.97836	-2.88472	22	30000568	A	T	0.003917619254952378	2.406977774443428
22:32319998:T:C	0.000560573	0.020885	-3.61783	-2.87873	22	32319998	T	C	0.003992800121969872	2.3987224298753436
22:49924664:T:C	0.000826344	0.0116886	-2.64936	-2.87573	22	49924664	T	C	0.004030943520692798	2.3945932868936617
22:34375733:G:A	0.00220597	0.000245577	2.19531	2.87524	22	34375733	G	A	0.004037204941457391	2.3939192038507873
22:29670579:C:G	3.14916e-06	0.000158318	-3.91747	-2.8746	22	29670579	C	G	0.004045396420267835	2.3930389141755226
22:49914797:G:A	0.00202716	0.000298627	1.91519	2.87425	22	49914797	G	A	0.004049882513857969	2.392557575383669
22:20720027:CAAAA:C	0.00255794	2.51736e-05	4.62116	2.87391	22	20720027	CAAAA	C	0.004054244756867211	2.392090036267533
22:17671632:G:T	6.55483e-05	0.00559219	-4.44634	-2.87366	22	17671632	G	T	0.004057455008970821	2.3917462871428983
22:25787310:C:CACACAG	0.000353079	0.0122105	-3.54336	-2.87328	22	25787310	C	CACACAG	0.00406233901125184	2.3912238365756138
22:41542822:G:A	2.68452e-05	0.00134763	-3.91601	-2.87326	22	41542822	G	A	0.004062596211756257	2.391196340784747
22:23824602:G:A	0.000551546	0.0316153	-4.04867	-2.87286	22	23824602	G	A	0.004067743326743356	2.3906464587227085
22:49368640:C:A	0.00150444	0.0635735	-3.74378	-2.87264	22	49368640	C	A	0.004070576762226588	2.390344050994464
22:41533171:T:G	1.2986e-05	0.0005357	-3.7197	-2.87123	22	41533171	T	G	0.004088779079505988	2.388406354142027
22:28025312:A:C	1.72454e-05	0.000929611	-3.98722	-2.8707	22	28025312	A	C	0.004095640165401768	2.3876782065842703
22:49913321:G:A	0.00199626	0.000255148	2.05719	2.87058	22	49913321	G	A	0.004097195068752273	2.387513358657069
22:32391395:AT:A	0.0123457	0.000143206	4.45677	2.87008	22	32391395	AT	A	0.004103679600869672	2.3868265545741676
22:43784733:C:T	9.20155e-05	0.00387833	-3.7412	-2.86989	22	43784733	C	T	0.0041061461641080915	2.3865655953609983
22:21658766:T:TAAAA	0.000370874	0.0501936	-4.90778	-2.86795	22	21658766	T	TAAAA	0.004131408183301019	2.3839018945906565
22:41217299:C:T	8.6498e-06	0.000431577	-3.90991	-2.86766	22	41217299	C	T	0.004135196557048522	2.383503842432417
22:41217184:C:T	8.6498e-06	0.000431577	-3.90991	-2.86766	22	41217184	C	T	0.004135196557048522	2.383503842432417
22:29806995:T:C	1.44246e-05	0.00122218	-4.43946	-2.86744	22	29806995	T	C	0.004138072598081173	2.3832018943688156
22:49923648:C:T	0.000723279	0.0101364	-2.64009	-2.86689	22	49923648	C	T	0.004145270642984759	2.3824471092831323
22:34659017:A:G	9.22011e-06	0.000129171	-2.63975	-2.86656	22	34659017	A	G	0.004149594921121945	2.3819942965669254
22:35942290:T:C	1.96197e-06	7.22208e-05	-3.60578	-2.86617	22	35942290	T	C	0.004154710708259235	2.3814592106718417
22:34377974:CAAAAAAAAA:C	0.00349019	0.000376582	2.22658	2.8657	22	34377974	CAAAAAAAAA	C	0.004160883490682907	2.380814444760265
22:30832487:T:C	0.000149167	0.00848836	-4.04139	-2.86554	22	30832487	T	C	0.004162986761106898	2.380594970229572
22:30082796:C:CA	1.14002e-05	0.000597473	-3.95908	-2.86508	22	30082796	C	CA	0.004169039037728542	2.379964038241245
22:33395388:C:A	0.00146295	0.0283264	-2.96334	-2.86479	22	33395388	C	A	0.0041728587050052154	2.3795663204585393
22:40663167:A:G	0.00658165	0.000992673	1.89164	2.86463	22	40663167	A	G	0.00417496746644174	2.3793469044198714
22:49919366:T:C	0.000502042	0.00701544	-2.63719	-2.86443	22	49919366	T	C	0.004177604777779303	2.3790726488335587
22:49919153:ACCCTCGACC:A	0.000502042	0.00701544	-2.63719	-2.86443	22	49919153	ACCCTCGACC	A	0.004177604777779303	2.3790726488335587
22:49919031:A:G	0.000284276	0.00583153	-3.02109	-2.86261	22	49919031	A	G	0.004201673857699854	2.3765776614251606
22:20876256:CTT:C	0.000542489	9.47371e-06	4.04765	2.86126	22	20876256	CTT	C	0.004219608480741184	2.3747278434795134
22:30399900:G:A	0.000122092	0.00651196	-3.97662	-2.86108	22	30399900	G	A	0.004222005002990117	2.3744812563979236
22:42254317:TTTTC:T	0.0040944	0.00018329	3.1063	2.86027	22	42254317	TTTTC	T	0.004232804638274407	2.3733717755792227
22:38883481:TTTTTCTTTT:T	0.0365132	0.00122289	3.39646	2.85943	22	38883481	TTTTTCTTTT	T	0.004244030719354229	2.3722214812274016
22:29448223:ATACGCTTGG:A	0.00719778	0.000215186	3.51002	2.85942	22	29448223	ATACGCTTGG	A	0.004244164525670585	2.372207788954035
22:47696503:C:A	0.000212489	0.00295357	-2.63188	-2.85905	22	47696503	C	A	0.0042491180499620125	2.371701203075016
22:35306144:CT:C	0.0051977	0.000360612	2.66817	2.85839	22	35306144	CT	C	0.0042579670865533015	2.3707976999159035
22:49174529:T:G	0.00115492	0.0191093	-2.80614	-2.8581	22	49174529	T	G	0.0042618605821124235	2.3704007614283866
22:21656436:GAGAGAGAGA:G	0.0455936	0.000458324	4.59995	2.85627	22	21656436	GAGAGAGAGA	G	0.004286504443305566	2.3678967217559594
22:30076265:G:A	1.13411e-05	0.000347747	-3.42304	-2.85468	22	30076265	G	A	0.0043080211557960865	2.3657221726389257
22:34696718:C:T	0.00176927	0.000174557	2.31607	2.85183	22	34696718	C	T	0.004346834080027319	2.3618269366446345
22:29815523:A:G	2.83312e-05	0.00139249	-3.89488	-2.85158	22	29815523	A	G	0.004350253800724599	2.3614854048755225
22:49875944:C:CT	4.59471e-06	9.28907e-05	-3.00652	-2.85029	22	49875944	C	CT	0.004367938352047103	2.3597234997801277
22:29994665:C:A	7.80132e-06	0.000704245	-4.50283	-2.8495	22	29994665	C	A	0.004378800575403524	2.3586448335185395
22:34615415:TACACAC:T	0.0100089	0.000291434	3.53642	2.84879	22	34615415	TACACAC	T	0.004388583712032902	2.3576756130810685
22:17669031:C:CT	0.00027847	4.47523e-05	1.82817	2.84874	22	17669031	C	CT	0.004389273411480771	2.3576073657489958
22:34701831:A:C	0.0025461	0.000252519	2.31083	2.84702	22	34701831	A	C	0.004413058975585737	2.355260268655162
22:34377759:G:A	0.00338533	0.000387555	2.16735	2.84672	22	34377759	G	A	0.004417219564999367	2.3548510128997036
22:30362374:G:A	4.6974e-05	0.0024166	-3.94052	-2.84618	22	30362374	G	A	0.004424717585646205	2.354114443589788
22:49603966:G:C	4.1556e-05	0.00523486	-4.83605	-2.8454	22	49603966	G	C	0.004435568424437328	2.353050716806804
22:46400198:T:C	0.00105691	0.0138882	-2.5757	-2.84519	22	46400198	T	C	0.004438493921413396	2.3527643705563404
22:49924066:A:G	0.0084298	0.00163586	1.63961	2.8446	22	49924066	A	G	0.004446722534708889	2.351959968685602
22:49923921:G:A	0.0084298	0.00163586	1.63961	2.8446	22	49923921	G	A	0.004446722534708889	2.351959968685602
22:19102557:C:T	1.51768e-05	0.000693165	-3.8215	-2.84438	22	19102557	C	T	0.004449794367942737	2.3516600579923717
22:43360509:CAA:C	0.015716	0.00189985	2.1129	2.84354	22	43360509	CAA	C	0.004461540881837756	2.3505151231475123
22:42886795:A:C	9.72524e-06	0.000373329	-3.64774	-2.84322	22	42886795	A	C	0.004466023130083781	2.350079031994151
22:20733572:G:T	1.31918e-05	0.00165686	-4.83308	-2.84286	22	20733572	G	T	0.004471070536327579	2.349588478578356
22:21771914:C:T	5.67795e-05	0.00712961	-4.83284	-2.84265	22	21771914	C	T	0.0044740172430930295	2.3493023464428484
22:33800079:CCT:C	0.00482205	0.000185567	3.25754	2.84229	22	33800079	CCT	C	0.004479072834633979	2.3488118753935696
22:41223877:G:A	1.49567e-05	0.00133901	-4.49453	-2.84226	22	41223877	G	A	0.004479494367488235	2.3487710051542674
22:49922304:C:T	0.000694962	0.00710885	-2.32524	-2.84209	22	49922304	C	T	0.004481883732696957	2.3485394139551485
22:49919790:T:C	0.00051556	0.00701578	-2.61066	-2.83973	22	49919790	T	C	0.004515173244024209	2.3453255814567244
22:40977484:G:T	6.21636e-05	0.00813251	-4.87386	-2.83864	22	40977484	G	T	0.0045306239738479945	2.3438419812680884
22:45163535:G:A	0.000132331	0.0108472	-4.40635	-2.83753	22	45163535	G	A	0.004546407410392936	2.342331649086734
22:29822224:C:A	1.86854e-05	0.00153122	-4.40608	-2.83728	22	29822224	C	A	0.004549969103474674	2.3419915524057484
22:25673370:GT:G	0.000153528	0.00159383	-2.34001	-2.83564	22	25673370	GT	G	0.004573396550667357	2.3397611401238043
22:20733340:C:T	1.3305e-05	0.00165686	-4.82454	-2.83556	22	20733340	C	T	0.004574542142747495	2.339652367133912
22:35305729:T:G	0.00503688	0.000358369	2.64298	2.83484	22	35305729	T	G	0.004584864173214652	2.3386735257948623
22:35305730:G:A	0.00503688	0.000358369	2.64298	2.83484	22	35305730	G	A	0.004584864173214652	2.3386735257948623
22:35305658:CAA:C	0.00503688	0.000358369	2.64298	2.83484	22	35305658	CAA	C	0.004584864173214652	2.3386735257948623
22:49768507:A:AAC	0.0113527	0.00134366	2.13406	2.83376	22	49768507	A	AAC	0.004600386773801287	2.337205653825748
22:30071021:A:AAAC	9.31597e-06	0.00121123	-4.86766	-2.83328	22	30071021	A	AAAC	0.00460730097211172	2.3365534165170407
22:38439001:G:T	0.000440231	0.0179054	-3.70556	-2.83179	22	38439001	G	T	0.004628823784907213	2.3345293520966677
22:20714590:C:T	5.88095e-05	0.0026431	-3.8054	-2.82979	22	20714590	C	T	0.00465785658602237	2.3318138873895635
22:49924177:T:C	0.000815602	0.0109935	-2.60113	-2.82972	22	49924177	T	C	0.004658875713870646	2.3317188751925015
22:24390830:G:C	0.000124216	0.00672958	-3.99225	-2.82965	22	24390830	G	C	0.004659895043608176	2.3316238649613164
22:20703800:G:A	4.78377e-05	0.00591307	-4.81711	-2.82921	22	20703800	G	A	0.004666306884166691	2.3310267028081255
22:35273448:A:G	0.00338728	0.000242816	2.63548	2.82782	22	35273448	A	G	0.004686614981388449	2.3291407235283677
22:35307288:A:G	0.00561837	0.00040316	2.63446	2.82688	22	35307288	A	G	0.004700393830851629	2.327865752404691
22:41798120:AACACAC:A	0.000291517	3.03809e-06	4.56387	2.82629	22	41798120	AACACAC	A	0.0047090609798765	2.3270656856344916
22:49924209:G:A	0.00841048	0.00166366	1.62046	2.82535	22	49924209	G	A	0.004722899547419346	2.325791291447525
22:30400433:G:T	0.000123923	0.0063522	-3.9369	-2.82503	22	30400433	G	T	0.004727618941435218	2.325357535997638
22:33237678:C:T	0.000185506	0.0238685	-4.85723	-2.82427	22	33237678	C	T	0.004738844614997076	2.3243275314263
22:48794208:TGTGC:T	0.0434381	0.00343225	2.53812	2.82402	22	48794208	TGTGC	T	0.0047425425408895465	2.3239887647744135
22:49865504:A:T	0.000512211	6.00249e-05	2.14398	2.82288	22	49865504	A	T	0.004759438214926555	2.3224443066400253
22:20714249:G:A	5.95655e-05	0.00265638	-3.79764	-2.82275	22	20714249	G	A	0.004761368370949601	2.3222682173320566
22:28788976:G:GTT	3.70149e-05	0.00298199	-4.38903	-2.82187	22	28788976	G	GTT	0.004774452682376746	2.3210764064147402
22:45980504:A:G	0.000881103	0.017342	-2.97971	-2.8217	22	45980504	A	G	0.004776984080580219	2.3208462060115354
22:42256068:G:A	9.57688e-05	0.00426398	-3.79602	-2.82128	22	42256068	G	A	0.004783243331394652	2.3202775252969814
22:33844079:C:CA	0.000375697	0.0123518	-3.49278	-2.81977	22	33844079	C	CA	0.0048058081862313315	2.3182335671408807
22:35304526:G:T	0.000195397	0.00473679	-3.18808	-2.81964	22	35304526	G	T	0.00480775535218667	2.31805763998589
22:43358896:TAAAA:T	0.0158251	0.00195564	2.09088	2.8195	22	43358896	TAAAA	T	0.004809853098497616	2.3178681875525964
22:49916267:A:T	0.000206514	0.00402536	-2.97	-2.81942	22	49916267	A	T	0.004811052182504942	2.3177599325484763
22:25344128:A:C	9.99982e-05	0.0122169	-4.80542	-2.81922	22	25344128	A	C	0.004814051076025893	2.31748930626736
22:23814024:A:T	0.000195921	0.00787415	-3.69363	-2.81903	22	23814024	A	T	0.004816901591503193	2.3172322261588274
22:49592415:C:CA	4.90089e-05	0.00392961	-4.38429	-2.8176	22	49592415	C	CA	0.004838404522312612	2.3152978245925984
22:29296507:G:T	6.53898e-05	0.00524204	-4.3841	-2.81742	22	29296507	G	T	0.004841117330168172	2.3150543915943707
22:29552552:AG:A	0.000281184	5.82518e-06	3.87682	2.81722	22	29552552	AG	A	0.00484413317510186	2.3147839257236953
22:48839435:A:G	0.000882219	0.0150146	-2.83434	-2.81492	22	48839435	A	G	0.00487893777135728	2.311674721081933
22:24378939:C:T	3.56801e-05	0.00113055	-3.45586	-2.81462	22	24378939	C	T	0.0048834941405264025	2.3112693290342943
22:50136495:A:G	6.38931e-05	0.00345298	-3.98978	-2.81367	22	50136495	A	G	0.004897948048870634	2.309985825623813
22:23705185:CAGAGAGAG:C	0.0305243	0.00143843	3.05497	2.81139	22	23705185	CAGAGAGAG	C	0.004932795443178586	2.3069068938102584
22:29092097:G:A	0.0118617	0.000125889	4.54567	2.81116	22	29092097	G	A	0.004936323172487425	2.306596415540133
22:31163657:T:TTTTATTTAT	0.000165448	0.00778796	-3.85168	-2.80976	22	31163657	T	TTTTATTTAT	0.004957845567479433	2.3047070052479213
22:47857364:TAACCTCTCT:T	0.159903	0.001702	4.54276	2.80875	22	47857364	TAACCTCTCT	T	0.004973425095134808	2.3033444185917817
22:28944754:CA:C	0.00173273	0.000348813	1.60292	2.80772	22	28944754	CA	C	0.004989358711678248	2.301955271185661
22:19511918:GT:G	0.0143626	0.000886734	2.78484	2.80683	22	19511918	GT	G	0.005003163753493403	2.3007552824304565
22:25460264:C:T	9.45015e-05	1.90433e-05	1.6019	2.8067	22	25460264	C	T	0.0050051831086277854	2.3005800297506984
22:25867620:A:ATTTC	0.049105	0.00783865	1.83489	2.80548	22	25867620	A	ATTTC	0.0050241699212817525	2.2989356808498624
22:34803276:G:A	9.44428e-05	0.00348279	-3.6076	-2.80421	22	34803276	G	A	0.005044004038590946	2.297224574371545
22:49924341:C:T	0.00841217	0.00170009	1.599	2.80378	22	49924341	C	T	0.005050735551565669	2.296645369856759
22:29452142:TTTCA:T	0.0129959	0.000139661	4.53317	2.80078	22	29452142	TTTCA	T	0.005097926031955456	2.2926064701901394
22:35810188:GAC:G	0.000118084	1.69175e-05	1.94305	2.80053	22	35810188	GAC	G	0.005101876505152768	2.2922700580311695
22:43664040:A:G	0.00123339	0.000102836	2.48439	2.79992	22	43664040	A	G	0.0051115272749632686	2.2914493174803283
22:25799990:A:T	0.000262366	0.0139524	-3.97367	-2.79747	22	25799990	A	T	0.005150455003333372	2.288154402665953
22:19340221:A:G	3.2267e-05	0.00171544	-3.97338	-2.79718	22	19340221	A	G	0.005155080464216655	2.287764551545827
22:38446037:T:C	0.00105593	0.0517618	-3.89223	-2.79699	22	38446037	T	C	0.005158112973676042	2.287509150118438
22:32480547:C:G	0.000657533	0.0819657	-4.82556	-2.7969	22	32480547	C	G	0.005159549988112764	2.287388175543744
22:48939355:TTATC:T	0.046625	0.00120171	3.65839	2.79607	22	48939355	TTATC	T	0.005172819517274458	2.2862726741173383
22:45163528:C:T	0.000133457	0.0104257	-4.35825	-2.79407	22	45163528	C	T	0.0052049210600283394	2.283585852792075
22:49859453:A:G	0.000908829	0.000131241	1.93512	2.79286	22	49859453	A	G	0.005224429776180633	2.281961103986746
22:19340139:C:G	0.00171544	3.2267e-05	3.97338	2.79117	22	19340139	C	G	0.005251788060518377	2.27969280847833
22:22076192:G:A	0.00142571	0.0703694	-3.89909	-2.79072	22	22076192	G	A	0.005259094596524609	2.2790890173631615
22:34507680:C:T	3.52728e-06	0.000151601	-3.76072	-2.78928	22	34507680	C	T	0.005282537260898357	2.2771574309258193
22:34672584:A:C	2.54717e-05	2.68756e-06	2.24893	2.78872	22	34672584	A	C	0.005291679314285487	2.2764064827491297
22:17663683:C:CTT	0.000123772	0.00285562	-3.1386	-2.78871	22	17663683	C	CTT	0.005291842695031784	2.276393074101893
22:22076541:G:A	0.00142571	0.0701554	-3.89604	-2.78795	22	22076541	G	A	0.005304272971524167	2.275374134117581
22:22076400:A:G	0.00142571	0.0701554	-3.89604	-2.78795	22	22076400	A	G	0.005304272971524167	2.275374134117581
22:35182334:AT:A	0.00327667	0.000245823	2.58997	2.78527	22	35182334	AT	A	0.005348316793813798	2.2717828763295556
22:20739469:G:GA	6.92515e-06	0.000812831	-4.76536	-2.785	22	20739469	G	GA	0.005352772306532906	2.271421230018301
22:29997837:C:T	8.4123e-06	0.000704245	-4.42743	-2.78375	22	29997837	C	T	0.0053734433911840065	2.269747322022102
22:31165036:G:A	0.000105197	0.00408776	-3.65992	-2.78301	22	31165036	G	A	0.005385714613540316	2.268756663373153
22:20557469:A:C	0.00150115	0.0263007	-2.86337	-2.78292	22	20557469	A	C	0.005387208784071681	2.2686361928198955
22:35308275:CT:C	0.00600084	0.00045139	2.58732	2.7828	22	35308275	CT	C	0.0053892015936758434	2.268475570461596
22:20725913:T:TAA	1.71514e-05	0.00200765	-4.76264	-2.78267	22	20725913	T	TAA	0.005391361221843871	2.268301569414539
22:29443688:G:A	0.0115233	0.000432993	3.2814	2.78249	22	29443688	G	A	0.005394352766253915	2.2680606560611163
22:45213736:G:A	0.000824287	0.0182603	-3.09797	-2.78233	22	45213736	G	A	0.0053970131749755245	2.267846521750946
22:19214682:CT:C	0.00356291	0.000302275	2.467	2.78132	22	19214682	CT	C	0.005413834364591058	2.266495035533468
22:45786876:G:A	4.87503e-05	0.00175528	-3.58367	-2.78096	22	45786876	G	A	0.005419841469170874	2.266013416426781
22:32675446:T:C	0.000720869	0.0377074	-3.95715	-2.78087	22	32675446	T	C	0.005421344185266815	2.2658930197592366
22:34759084:A:AAGAT	0.000228122	0.00650231	-3.35003	-2.78023	22	34759084	A	AAGAT	0.005432041019026233	2.265036959222863
22:26563490:G:A	0.000536443	0.0207821	-3.65689	-2.77976	22	26563490	G	A	0.005439908636677862	2.2644083942209106
22:45031446:T:A	0.0036261	0.114632	-3.45357	-2.77829	22	45031446	T	A	0.005464582313437908	2.2624430278408183
22:22081431:G:A	0.00208058	0.0780715	-3.62498	-2.7778	22	22081431	G	A	0.005472829293618737	2.261788097992269
22:22079072:C:A	0.0426316	0.00208575	3.01747	2.77567	22	22079072	C	A	0.0055088091250857	2.2589422752502273
22:19487799:C:T	0.000341608	0.0261394	-4.33754	-2.77535	22	19487799	C	T	0.005514232952827957	2.258514890752789
22:38743587:CA:C	0.00745654	0.000924367	2.08774	2.77501	22	38743587	CA	C	0.005520001050198743	2.258060839644809
22:25717043:T:G	0.000433467	0.00522251	-2.48892	-2.77466	22	25717043	T	G	0.005525944484891834	2.2575934824354764
22:22077420:G:A	0.00144588	0.0700732	-3.88082	-2.77414	22	22077420	G	A	0.005534785395261902	2.2568992137121624
22:20731933:A:AT	1.83488e-05	0.000774651	-3.74285	-2.77308	22	20731933	A	AT	0.005552846792866723	2.255484308866793
22:20731989:G:A	1.83488e-05	0.000774651	-3.74285	-2.77308	22	20731989	G	A	0.005552846792866723	2.255484308866793
22:40661973:C:T	0.00645238	0.0010629	1.80345	2.7727	22	40661973	C	T	0.005559334573235151	2.2549771883580236
22:26699749:G:A	0.00016123	0.00779376	-3.87825	-2.77181	22	26699749	G	A	0.0055745564162723235	2.2537896849846786
22:38198562:A:G	0.000222058	0.0169034	-4.33233	-2.77065	22	38198562	A	G	0.005594452570327924	2.2522424037410658
22:22078679:G:T	0.00146122	0.0705293	-3.87676	-2.77045	22	22078679	G	T	0.005597889410084674	2.251975685552671
22:29567397:T:C	1.4863e-05	0.00122437	-4.41131	-2.76969	22	29567397	T	C	0.005610966781174196	2.250962302459517
22:22080156:T:C	0.042666	0.00210194	3.01054	2.76908	22	22080156	T	C	0.005621483024748057	2.250149096441627
22:49011434:GCACACTTA:G	0.0341063	0.00112374	3.41282	2.76891	22	49011434	GCACACTTA	G	0.0056244169477541635	2.249922491793906
22:19490838:T:C	0.000344408	0.0261282	-4.32894	-2.76759	22	19490838	T	C	0.005647245045064653	2.2481633669628835
22:41223842:T:A	1.50422e-05	0.00123514	-4.40808	-2.76687	22	41223842	T	A	0.005659731932227462	2.247204138266042
22:29012431:T:C	0.00288376	0.000374271	2.04187	2.76598	22	29012431	T	C	0.0056752015303957876	2.246018711758664
22:49918982:A:G	0.000407557	0.00512255	-2.53123	-2.76577	22	49918982	A	G	0.005678857217012832	2.2457390506056734
22:40661666:C:T	0.00640935	0.0010629	1.79676	2.76572	22	40661666	C	T	0.005679727931592051	2.2456724672182427
22:20726260:C:A	1.70696e-05	0.00195867	-4.74272	-2.76565	22	20726260	C	A	0.005680947134305015	2.2455792521567215
22:35304774:G:A	0.000208474	0.00477255	-3.13082	-2.76547	22	35304774	G	A	0.005684083311017109	2.245339565288928
22:19490720:T:C	0.000345896	0.0261282	-4.32463	-2.76369	22	19490720	T	C	0.0057151807938921224	2.2429700265901724
22:42457272:T:C	0.00118152	0.0276394	-3.15244	-2.76312	22	42457272	T	C	0.005725171362422735	2.242211509749504
22:48844583:C:T	0.000715241	0.0123374	-2.84777	-2.76256	22	48844583	C	T	0.005735001993045325	2.241466426835349
22:31679645:C:T	0.00196564	2.21184e-05	4.48717	2.76254	22	31679645	C	T	0.005735353368368425	2.241439819052218
22:19102736:T:C	1.67173e-05	0.000697603	-3.73121	-2.76252	22	19102736	T	C	0.005735704763105828	2.2414132114291503
22:48859183:ATCCATCCC:A	0.0637245	0.00600043	2.36274	2.76188	22	48859183	ATCCATCCC	A	0.005746959651034697	2.240561852004026
22:22490289:G:A	0.000300718	0.0154199	-3.93724	-2.76086	22	22490289	G	A	0.005764938296712376	2.2392053366851083
22:29807930:A:C	0.000577249	1.54302e-05	3.62195	2.76016	22	29807930	A	C	0.005777305912020013	2.2382746356808867
22:19423524:CAT:C	0.00210887	5.70843e-05	3.60938	2.76006	22	19423524	CAT	C	0.005779074665818654	2.2381416943995887
22:25641750:AG:A	0.00152862	2.34352e-05	4.17789	2.75986	22	25641750	AG	A	0.005782613638295138	2.2378758238405982
22:24468946:T:C	0.000249787	0.00464718	-2.92341	-2.75951	22	24468946	T	C	0.0057888115423919305	2.237410588873603
22:49922726:G:A	0.0063083	0.00133326	1.55424	2.75879	22	49922726	G	A	0.005801580354465711	2.236453688206755
22:39321761:A:G	3.12874e-05	0.00355986	-4.73426	-2.75842	22	39321761	A	G	0.00580815197801596	2.2359620282669566
22:25468668:C:CCT	5.35923e-05	1.13322e-05	1.55376	2.75831	22	25468668	C	CCT	0.005810106997735039	2.235815869658202
22:31759459:T:C	1.01472e-05	0.00051881	-3.93434	-2.75794	22	31759459	T	C	0.005816687327977289	2.235324280775079
22:26141215:TTA:T	0.000379428	0.00890192	-3.15536	-2.7574	22	26141215	TTA	T	0.005826303112340122	2.2346069250306346
22:38439774:CA:C	0.0090958	0.000461563	2.98095	2.75536	22	38439774	CA	C	0.005862758874358339	2.2318979672665176
22:38435865:C:G	0.0143564	0.000282888	3.9269	2.75528	22	38435865	C	G	0.0058641926928116785	2.231791767553511
22:29446820:G:A	0.000233645	0.0077323	-3.49936	-2.75523	22	29446820	G	A	0.005865088989850821	2.231725394033029
22:22080595:C:T	0.042229	0.00211384	2.9946	2.7539	22	22080595	C	T	0.005888975865796318	2.229960225502536
22:19587644:G:A	0.0426701	0.00311721	2.61656	2.75373	22	19587644	G	A	0.005892035387400438	2.229734653461011
22:43746408:G:A	2.50682e-05	0.0011774	-3.84947	-2.75343	22	43746408	G	A	0.005897438038289488	2.2293366133538255
22:49865219:C:T	6.62305e-05	0.000993618	-2.70821	-2.75337	22	49865219	C	T	0.0058985191041156446	2.229257009652571
22:19504677:T:A	0.00340797	0.000447469	2.03027	2.75331	22	19504677	T	A	0.005899600348551002	2.2291774073913695
22:46421668:A:G	0.00871332	0.0626638	-1.97293	-2.75307	22	46421668	A	G	0.0059039271128968705	2.228859012747021
22:33236256:G:T	0.000188719	0.0223558	-4.77458	-2.75285	22	33236256	G	T	0.00590789582575953	2.228567171230208
22:49865042:C:T	5.84415e-05	0.000931997	-2.7693	-2.75262	22	49865042	C	T	0.005912047505381983	2.2282620848902326
22:22078699:A:G	0.0419275	0.00210444	2.99189	2.75132	22	22078699	A	G	0.005935562992096495	2.226538081635288
22:49923763:C:CTG	0.00727636	0.00131557	1.71036	2.74808	22	49923763	C	CTG	0.005994538077938243	2.2222442767738926
22:49922949:A:G	0.000722733	0.00894076	-2.51534	-2.74787	22	49922949	A	G	0.005998378694396808	2.2219661194875973
22:28372531:CTT:C	1.66333e-05	0.000459263	-3.31821	-2.74777	22	28372531	CTT	C	0.006000208338483639	2.221833669835861
22:45977088:C:T	0.000865766	0.0159256	-2.91207	-2.74699	22	45977088	C	T	0.006014496828237514	2.2208006998055185
22:17658005:A:G	0.000153491	0.00352347	-3.13356	-2.74662	22	17658005	A	G	0.006021285415349834	2.2203107862833598
22:38509441:G:A	0.000138435	0.0162781	-4.76718	-2.74645	22	38509441	G	A	0.006024406809793902	2.220085709237075
22:37192036:CTTTAA:C	0.0215353	0.00108795	2.9854	2.74514	22	37192036	CTTTAA	C	0.006048508848731341	2.2183516796596017
22:22078769:C:G	0.0415217	0.00209769	2.98538	2.74512	22	22078769	C	G	0.006048877491047692	2.2183252112441374
22:41035081:CCTTCCTTCC:C	0.00232141	9.07205e-05	3.24215	2.74504	22	41035081	CCTTCCTTCC	C	0.006050352262721769	2.218219339181812
22:49859135:T:C	0.000910639	0.000138184	1.88556	2.74487	22	49859135	T	C	0.0060534872280556835	2.2179943695468527
22:49891700:C:T	0.000163246	2.41048e-05	1.91285	2.74472	22	49891700	C	T	0.006056254589036482	2.217795876524876
22:40630384:T:C	2.51626e-05	0.000586163	-3.14824	-2.74444	22	40630384	T	C	0.006061423378856043	2.217425380289732
22:28632768:TA:T	0.000513577	5.90741e-06	4.46519	2.74427	22	28632768	TA	T	0.006064563511082141	2.2172004514421086
22:33806734:G:A	7.57347e-05	0.00847486	-4.71762	-2.74421	22	33806734	G	A	0.006065672142859243	2.2171210675491104
22:48844860:C:T	0.000628347	0.0143806	-3.13054	-2.74397	22	48844860	C	T	0.0060701084957696305	2.2168035463723603
22:36494473:C:T	0.00779791	0.00132768	1.77042	2.74344	22	36494473	C	T	0.006079915797343269	2.2161024353658183
22:48843951:T:C	0.0065148	0.000990098	1.88403	2.74339	22	48843951	T	C	0.006080841750828388	2.216036298615987
22:29805392:C:T	1.65477e-05	0.0012221	-4.30208	-2.74331	22	29805392	C	T	0.006082323540615146	2.2159304818955046
22:20123417:GGGGTGTGTG:G	0.0110823	0.000172965	4.16001	2.74327	22	20123417	GGGGTGTGTG	G	0.006083064557468308	2.2158775744949137
22:19268333:A:C	0.000215029	0.00394183	-2.90863	-2.74319	22	19268333	A	C	0.006084546835132856	2.21577176161303
22:29819729:G:A	2.00241e-05	0.00074678	-3.61883	-2.73908	22	29819729	G	A	0.006161137943817489	2.210339067530549
22:44967083:C:G	0.000231595	0.00863074	-3.61809	-2.73829	22	44967083	C	G	0.006175958927562805	2.209295600883484
22:29806090:G:A	1.6648e-05	0.00122223	-4.29615	-2.73795	22	29806090	G	A	0.006182347454586296	2.20884659076913
22:29094573:TAC:T	0.0114984	0.000231128	3.90699	2.7378	22	29094573	TAC	T	0.006185167813608621	2.2086485127631517
22:32538673:C:G	0.00237652	0.0476577	-2.99841	-2.73747	22	32538673	C	G	0.006191376681869258	2.2082127728113985
22:22078927:A:G	0.0413091	0.00210588	2.97635	2.73652	22	22078927	A	G	0.006209282041003848	2.2069586129725502
22:38200794:CAAAAA:C	0.00709694	0.000111623	4.1523	2.73611	22	38200794	CAAAAA	C	0.006217024009344737	2.20641745543934
22:25469249:C:CT	5.31502e-05	1.15018e-05	1.53062	2.73505	22	25469249	C	CT	0.006237080125849106	2.2050186766654623
22:43744088:GATGA:G	0.00129521	2.59467e-05	3.91038	2.73503	22	43744088	GATGA	G	0.006237459102387502	2.2049922889301827
22:34661637:C:A	2.76891e-06	1.95265e-05	-1.95332	-2.73374	22	34661637	C	A	0.006261946924312506	2.2032906177436784
22:32320894:CCTCT:C	0.035608	0.000720288	3.90067	2.73226	22	32320894	CCTCT	C	0.006290148055905321	2.2013391321213525
22:47698181:A:G	0.000227311	0.00276487	-2.49843	-2.73174	22	47698181	A	G	0.006300083668474115	2.200653682845572
22:49911596:G:C	0.00135354	0.000233534	1.75715	2.73145	22	49911596	G	C	0.006305630816746804	2.2002714599983935
22:49911714:G:A	0.00135354	0.000233534	1.75715	2.73145	22	49911714	G	A	0.006305630816746804	2.2002714599983935
22:48837530:CAT:C	0.0122208	0.00119081	2.32851	2.73085	22	48837530	CAT	C	0.006317121634247429	2.1994807608175364
22:46420961:C:G	0.00861079	0.0605279	-1.95009	-2.73056	22	46420961	C	G	0.006322682282504412	2.1990986411224025
22:49920641:G:C	0.000580546	0.00702504	-2.49327	-2.73042	22	49920641	G	C	0.006325368309786486	2.198914181574922
22:49915798:G:A	0.000292868	0.00354257	-2.49288	-2.73006	22	49915798	G	A	0.006332279953505269	2.1984398929924236
22:46029552:C:T	0.0102798	0.00230068	1.49698	2.72949	22	46029552	C	T	0.006343237290972779	2.197689041994857
22:17253529:A:G	0.00720845	0.2098	-3.3709	-2.72876	22	17253529	A	G	0.006357295291859936	2.196727615430191
22:30842855:C:T	0.000194778	0.00965755	-3.90363	-2.72708	22	30842855	C	T	0.006389754517762826	2.1945158262905657
22:41522649:GT:G	0.000531132	1.83248e-05	3.36675	2.72602	22	41522649	GT	G	0.00641031139789304	2.1931208729614027
22:30645598:CAAA:C	0.0117062	0.00023865	3.89288	2.72541	22	30645598	CAAA	C	0.006422168257543964	2.1923183203257866
22:31264744:G:GA	7.97047e-06	0.000394146	-3.90098	-2.72441	22	31264744	G	GA	0.006441648425886703	2.191002981916824
22:49923401:T:C	0.000759421	0.00916431	-2.49052	-2.72419	22	49923401	T	C	0.006445941190518335	2.1907136610870848
22:31764641:G:C	0.0001406	1.95166e-06	4.27724	2.72418	22	31764641	G	C	0.006446136377320974	2.1907005105997586
22:49912873:G:GA	0.00192787	0.000335346	1.74901	2.7241	22	49912873	G	GA	0.006447698063175831	2.1905953081395166
22:32321442:ACT:A	0.035608	0.000727427	3.89081	2.7236	22	32321442	ACT	A	0.00645746631387074	2.189937850696761
22:38737798:C:T	0.00390828	0.000443486	2.17619	2.7227	22	38737798	C	T	0.006475082720557948	2.1887546790069607
22:40102152:A:T	0.00370038	0.00083467	1.48916	2.72113	22	40102152	A	T	0.006505917078020416	2.186691476373511
22:29447427:C:T	0.000222757	0.00713378	-3.46652	-2.721	22	29447427	C	T	0.006508476152688084	2.1865206820842085
22:17664305:C:T	0.000126	0.00268599	-3.05953	-2.72037	22	17664305	C	T	0.0065208906526100785	2.1856930823207135
22:48858700:A:G	0.0611807	0.00603224	2.31671	2.72016	22	48858700	A	G	0.006525033549830258	2.1854172509676597
22:23994133:T:C	0.0256817	0.0013329	2.95842	2.71945	22	23994133	T	C	0.006539058026445814	2.1844848087676216
22:50109841:T:TA	6.30603e-05	0.00310223	-3.89578	-2.71919	22	50109841	T	TA	0.006544200528104977	2.1841434014340497
22:38208796:C:A	0.000315075	0.0143051	-3.81556	-2.71889	22	38208796	C	A	0.0065501387033310805	2.183749503450428
22:29546317:A:G	0.000130658	3.63979e-06	3.58065	2.71878	22	29546317	A	G	0.006552317248145861	2.183605083197636
22:29546263:G:T	0.000130658	3.63979e-06	3.58065	2.71878	22	29546263	G	T	0.006552317248145861	2.183605083197636
22:29546219:G:A	0.000130658	3.63979e-06	3.58065	2.71878	22	29546219	G	A	0.006552317248145861	2.183605083197636
22:44800307:T:C	0.00596339	0.000774418	2.04128	2.71815	22	44800307	T	C	0.006564806926784374	2.1827780421358387
22:44800238:G:A	0.00596339	0.000774418	2.04128	2.71815	22	44800238	G	A	0.006564806926784374	2.1827780421358387
22:31684258:G:A	0.00130333	3.63475e-05	3.57956	2.71785	22	31684258	G	A	0.006570761914535893	2.182384268782175
22:34726168:C:T	0.00066115	0.0146806	-3.1003	-2.71753	22	34726168	C	T	0.006577119255498862	2.181964283496446
22:40658455:G:A	0.00519988	0.000903836	1.74974	2.71671	22	40658455	G	A	0.006593435196725169	2.180888257898251
22:38136281:T:C	0.000183173	0.0131336	-4.2725	-2.71659	22	38136281	T	C	0.006595825945908647	2.1807308132653573
22:34709937:A:G	0.0034237	0.00039125	2.16913	2.71629	22	34709937	A	G	0.006601806229613575	2.1803372268467505
22:19093726:A:G	8.25962e-05	4.30121e-06	2.95507	2.71625	22	19093726	A	G	0.006602603969050849	2.18028475137366
22:19363307:CAA:C	0.000249828	5.15405e-06	3.88099	2.71498	22	19363307	CAA	C	0.006627977304600109	2.178618987353457
22:31563882:C:T	4.60663e-05	0.00225532	-3.89096	-2.71434	22	31563882	C	T	0.00664079706131883	2.177779791331109
22:29802036:C:T	3.33629e-05	0.0012157	-3.59564	-2.71429	22	29802036	C	T	0.00664179954308716	2.177714236031346
22:23826357:G:C	0.000606203	0.0220705	-3.59478	-2.71337	22	23826357	G	C	0.006660269508238091	2.1765081967197197
22:40080839:G:GT	5.18423e-05	0.00370355	-4.26884	-2.71328	22	40080839	G	GT	0.006662078829971309	2.176390232764776
22:34507657:G:A	3.53876e-06	0.000139811	-3.67652	-2.71294	22	34507657	G	A	0.0066689180340325895	2.1759446203510437
22:41523326:A:G	0.000525316	1.83829e-05	3.35258	2.71282	22	41523326	A	G	0.006671333377372556	2.1757873564039767
22:32479402:C:CT	0.000674417	0.0762679	-4.72816	-2.71273	22	32479402	C	CT	0.0066731454009502636	2.175669412217653
22:33436749:A:G	0.00156744	0.0226347	-2.67004	-2.71255	22	33436749	A	G	0.006676770775554367	2.17543353354946
22:41805108:C:A	2.28816e-05	0.00109469	-3.8679	-2.70992	22	41805108	C	A	0.006729943841569724	2.1719885597579163
22:48847046:C:G	0.00110559	0.0120064	-2.38506	-2.70708	22	48847046	C	G	0.006787789822822267	2.1682716136439426
22:23994508:T:G	0.0217323	0.00148351	2.68439	2.70694	22	23994508	T	G	0.006790652907221791	2.1680884671964327
22:50230771:C:CA	3.45875e-06	0.000370456	-4.67383	-2.70679	22	50230771	C	CA	0.006793721701935985	2.167892247543856
22:29453493:AAAT:A	0.00906057	0.000128618	4.25484	2.70597	22	29453493	AAAT	A	0.0068105198192015695	2.1668197388955637
22:40706875:T:C	0.000124409	0.00486447	-3.66614	-2.70354	22	40706875	T	C	0.006860519015565391	2.1636430275775624
22:31206786:C:T	5.63006e-05	0.00252142	-3.80187	-2.70249	22	31206786	C	T	0.006882225463040622	2.1622711039105984
22:34656718:C:A	8.96786e-06	0.000152209	-2.83161	-2.70241	22	34656718	C	A	0.006883881814524995	2.1621665944369
22:49858094:C:G	0.000915626	0.000145241	1.84121	2.70194	22	49858094	C	G	0.006893620114235919	2.161552652874233
22:29021308:A:C	0.00214353	0.000246336	2.16351	2.70182	22	29021308	A	C	0.006896108471169701	2.161395915968153
22:43665129:G:T	6.21428e-05	0.00206198	-3.50199	-2.70157	22	43665129	G	T	0.006901295139988976	2.1610693992093113
22:31329648:C:G	7.59992e-06	0.000339876	-3.80044	-2.7012	22	31329648	C	G	0.006908977841386667	2.1605862001919105
22:20730594:G:T	2.02488e-05	0.000789088	-3.66278	-2.70049	22	20730594	G	T	0.006923741842972652	2.159659133497768
22:26481497:G:A	0.000120533	0.00417137	-3.54407	-2.698	22	26481497	G	A	0.0069757440663898405	2.1564094616468203
22:31268711:T:C	5.47133e-06	0.000579914	-4.66336	-2.69784	22	31268711	T	C	0.006979097538654938	2.1562007320074303
22:48044012:G:GGATA	0.0449289	0.000736773	4.11056	2.69738	22	48044012	G	GGATA	0.006988746838290885	2.1556006912080528
22:46432308:T:C	0.0144023	0.0946621	-1.88293	-2.69723	22	46432308	T	C	0.006991895938662772	2.155405043989335
22:40657336:T:TA	0.00519085	0.000919358	1.73098	2.69715	22	40657336	T	TA	0.006993575979894232	2.1553007024778075
22:48858598:C:G	0.0467875	0.00681981	1.92579	2.69712	22	48858598	C	G	0.00699420608882104	2.155261575069509
22:32318710:A:G	0.0303513	0.000639451	3.85998	2.69654	22	32318710	A	G	0.007006398220683431	2.154505182443607
22:30087706:GGAGA:G	0.000781251	1.28245e-05	4.10954	2.69644	22	30087706	GGAGA	G	0.007008502240421211	2.154374783491244
22:39322033:G:C	3.09449e-05	0.00327384	-4.66151	-2.69626	22	39322033	G	C	0.007012290905918135	2.1541400754341513
22:49723362:T:TAATA	0.0788962	0.00425952	2.91898	2.69599	22	49723362	T	TAATA	0.007017977352880065	2.153788037593267
22:17664657:C:A	0.000124525	0.00257994	-3.03102	-2.69573	22	17664657	C	A	0.0070234571042321545	2.1534490656880108
22:19365837:C:T	5.87114e-06	0.000444258	-4.32636	-2.69562	22	19365837	C	T	0.00702577661703186	2.1533056626186684
22:49917199:G:T	0.000306306	0.00356865	-2.45536	-2.69512	22	49917199	G	T	0.007036328529209752	2.1526538913447597
22:49917232:T:C	0.000306306	0.00356865	-2.45536	-2.69512	22	49917232	T	C	0.007036328529209752	2.1526538913447597
22:49913536:G:T	0.0019409	0.000349033	1.71574	2.69404	22	49913536	G	T	0.007059169241800518	2.1512464058789327
22:30401680:A:AT	0.00205129	0.000168767	2.4977	2.69401	22	30401680	A	AT	0.00705980465529407	2.151207315704792
22:29908651:A:AGGGT	4.86175e-06	0.000215123	-3.78981	-2.69266	22	29908651	A	AGGGT	0.007088451470720787	2.1494486295805633
22:29908984:C:CTT	3.25893e-06	0.000245413	-4.32154	-2.69142	22	29908984	C	CTT	0.007114856012313501	2.1478338845734375
22:34506215:G:A	0.000104572	2.99879e-06	3.55167	2.69091	22	34506215	G	A	0.00712574154805837	2.1471699336391743
22:43745393:C:T	2.53126e-05	0.00111773	-3.78775	-2.69056	22	43745393	C	T	0.007133220662640275	2.1467143410873004
22:39319214:T:A	3.48407e-05	0.00366115	-4.65474	-2.69048	22	39319214	T	A	0.007134931163706013	2.146610212509649
22:29236607:C:T	0.0021449	0.0374771	-2.86064	-2.69019	22	29236607	C	T	0.0071411348171650174	2.146232767821724
22:38435414:C:T	0.000258759	0.0271723	-4.65406	-2.68989	22	38435414	C	T	0.0071475574847597425	2.1458423431104343
22:25046930:G:C	0.000406584	0.0305482	-4.31927	-2.68944	22	25046930	G	C	0.0071572012091023875	2.145256773372259
22:43745083:C:T	2.56829e-05	0.00113234	-3.78621	-2.68899	22	43745083	C	T	0.007166856611808361	2.1446712844272566
22:28633202:T:C	0.000556484	6.84139e-06	4.39865	2.68897	22	28633202	T	C	0.00716728601206358	2.144645264571543
22:29090791:T:A	0.00276031	0.00011266	3.19873	2.68853	22	29090791	T	A	0.00717673866223176	2.144072868121469
22:29999237:A:C	8.01707e-06	0.00088034	-4.69873	-2.68731	22	29999237	A	C	0.007203006839268229	2.142486172859706
22:29534088:T:C	0.000109388	0.00481409	-3.7844	-2.68715	22	29534088	T	C	0.007206458239223173	2.1422781257218317
22:29999884:T:C	0.000637536	1.86486e-05	3.53184	2.68687	22	29999884	T	C	0.007212501760898078	2.1419140678052626
22:30831741:C:T	0.000178284	0.00847211	-3.86116	-2.68439	22	30831741	C	T	0.0072662289844939295	2.138690920107328
22:20737958:G:A	7.45359e-06	0.000285282	-3.64478	-2.68418	22	20737958	G	A	0.007270794919021404	2.13841810494951
22:20737882:C:T	7.45359e-06	0.000285282	-3.64478	-2.68418	22	20737882	C	T	0.007270794919021404	2.13841810494951
22:39320266:A:G	3.86852e-05	0.00288765	-4.31274	-2.68375	22	39320266	A	G	0.007280152247616302	2.1378595383231906
22:29445653:G:A	0.0002639	0.00934243	-3.56675	-2.68341	22	29445653	G	A	0.007287558714239694	2.1374179332047873
22:19502048:A:G	0.000223296	0.00621189	-3.32572	-2.68312	22	19502048	A	G	0.007293881336659564	2.1370413064531615
22:45782967:TACA:T	0.00334017	4.87875e-05	4.2263	2.68278	22	45782967	TACA	T	0.007301300334184316	2.1365997867740747
22:50203930:C:T	9.6515e-05	0.00341116	-3.56511	-2.68166	22	50203930	C	T	0.007325787297618365	2.135145695118876
22:25046316:G:A	0.000410595	0.0305482	-4.30945	-2.68088	22	25046316	G	A	0.007342884217398813	2.1341333196937557
22:38127204:G:A	0.000524713	0.0145161	-3.32016	-2.6775	22	38127204	G	A	0.007417385254688342	2.12974916339887
22:41802379:AGGAGTCTCC:A	0.000703375	2.07964e-05	3.52111	2.67674	22	41802379	AGGAGTCTCC	A	0.007434230045895783	2.128764004160749
22:49919011:C:G	0.00401187	0.000920148	1.47248	2.67661	22	49919011	C	G	0.00743711482570477	2.128595513149468
22:49370466:C:G	0.000943604	0.0975475	-4.63839	-2.67651	22	49370466	C	G	0.007439334570249037	2.128465909265059
22:19500682:A:G	0.000214469	0.00592379	-3.31856	-2.67588	22	19500682	A	G	0.007453332629983752	2.127649496488397
22:34335974:A:G	6.01662e-06	1.08813e-06	1.71006	2.67535	22	34335974	A	G	0.007465127066184596	2.1269627956183728
22:19580295:C:T	0.038749	0.00306446	2.53723	2.67517	22	19580295	C	T	0.00746913652980854	2.1267296019348794
22:34507164:T:C	3.52964e-06	0.000133617	-3.63378	-2.6742	22	34507164	T	C	0.007490776347633444	2.125473169480674
22:26044738:C:G	0.00270944	0.0422328	-2.74646	-2.67294	22	26044738	C	G	0.007518969744068126	2.12384166274861
22:48848550:C:A	0.000733918	0.0154862	-3.04931	-2.67294	22	48848550	C	A	0.007518969744068126	2.12384166274861
22:17246758:C:T	0.00707185	0.153637	-3.07847	-2.6729	22	17246758	C	T	0.007519866328723793	2.1237898792505927
22:30412763:T:C	0.000119461	0.00518257	-3.77007	-2.67255	22	30412763	T	C	0.007527715534646875	2.1233368008543634
22:25351058:T:TA	5.99387e-05	0.00646781	-4.68127	-2.67222	22	25351058	T	TA	0.0075351229423137565	2.1229096573861277
22:18082076:T:TC	0.00529504	0.0909487	-2.84352	-2.67129	22	18082076	T	TC	0.007556033539329073	2.1217061230221446
22:29021051:C:G	0.00212859	0.000252016	2.13372	2.67128	22	29021051	C	G	0.00755625866690457	2.1216931836662303
22:20717352:G:C	3.39477e-05	0.00231308	-4.22152	-2.67052	22	20717352	G	C	0.007573385969329015	2.1207099092683084
22:43743915:GATGA:G	0.00122693	2.64817e-05	3.83582	2.66857	22	43743915	GATGA	G	0.0076174903457483555	2.118188087520894
22:38434620:C:T	0.000265341	0.0271723	-4.62894	-2.66843	22	38434620	C	T	0.007620665654746831	2.1180070919731007
22:39320675:CGTT:C	0.00258814	3.26173e-05	4.37385	2.66836	22	39320675	CGTT	C	0.007622253754142575	2.1179165971291303
22:26705413:C:T	0.000337448	0.0362215	-4.676	-2.66766	22	26705413	C	T	0.0076381510723255545	2.1170117561186954
22:46037847:A:ATT	0.0102553	0.00165424	1.82445	2.66764	22	46037847	A	ATT	0.007638605717800247	2.1169859063884613
22:41105393:TTTTG:T	0.00724983	0.00010799	4.20669	2.66684	22	41105393	TTTTG	T	0.007656811439599849	2.1159520479236433
22:48842274:G:GT	0.000736885	0.0114023	-2.73914	-2.66647	22	48842274	G	GT	0.007665244731915863	2.1154739746616777
22:47193947:T:C	0.0350518	0.185898	-1.66837	-2.66477	22	47193947	T	C	0.007704099388118464	2.1132781231533824
22:42648852:AC:A	0.00916499	0.00034262	3.28652	2.66368	22	42648852	AC	A	0.0077291048555732135	2.1118708008806464
22:41100842:A:G	0.000207619	0.00527554	-3.23513	-2.66304	22	41100842	A	G	0.007743820831227995	2.1110447038542564
22:42462604:A:G	0.0330677	0.0043964	2.01777	2.66278	22	42462604	A	G	0.00774980636464973	2.1107091485665546
22:26704024:G:A	0.00026553	0.0270124	-4.62233	-2.66278	22	26704024	G	A	0.00774980636464973	2.1107091485665546
22:45160959:C:CT	0.00011352	0.00527895	-3.8395	-2.66262	22	45160959	C	CT	0.0077534918300888826	2.1105026663956625
22:22920908:CACAA:C	0.0341944	0.00324202	2.35586	2.66247	22	22920908	CACAA	C	0.0077569483801816965	2.1103090986263107
22:46412419:A:G	0.00318814	0.0333714	-2.34826	-2.66035	22	46412419	A	G	0.007805948834022893	2.107574299733523
22:49918577:T:C	0.000407557	0.00457417	-2.418	-2.66034	22	49918577	T	C	0.007806180623900167	2.1075614039828263
22:49918325:A:G	0.000407557	0.00457417	-2.418	-2.66034	22	49918325	A	G	0.007806180623900167	2.1075614039828263
22:43743705:C:T	2.64817e-05	0.00122693	-3.83582	-2.65892	22	43743705	C	T	0.007839157462016914	2.1057306119660444
22:19582168:C:T	0.0019061	0.0408442	-3.06471	-2.65879	22	19582168	C	T	0.00784218269511754	2.105563044392711
22:38521538:TACACAC:T	0.0182286	0.000232633	4.36128	2.65791	22	38521538	TACACAC	T	0.007862688712815993	2.1044289178962945
22:31879030:C:CAA	3.83195e-05	0.00163732	-3.75486	-2.65705	22	31879030	C	CAA	0.007882775078248907	2.1033208651241573
22:32624633:C:T	0.00168466	0.0474822	-3.33879	-2.65686	22	32624633	C	T	0.007887218957910749	2.1030761025120674
22:42457005:G:A	0.0012687	0.0262443	-3.02946	-2.65559	22	42457005	G	A	0.007916980457807527	2.1014404270669607
22:17067549:ATTTTGTT:A	0.0151002	0.000193276	4.35834	2.65547	22	17067549	ATTTTGTT	A	0.007919797762382321	2.1012859082845963
22:34376656:A:G	0.00264139	0.000353905	2.01003	2.65525	22	34376656	A	G	0.007924965152979942	2.101002638750816
22:39321739:CAA:C	0.00219959	5.54014e-05	3.68142	2.65487	22	39321739	CAA	C	0.007933897758596284	2.1005134004289916
22:50133745:T:C	5.20222e-05	0.00221606	-3.75182	-2.65395	22	50133745	T	C	0.007955561420853617	2.099329166944447
22:20123416:TGGGGTGTGT:T	0.0122436	0.000185338	4.19058	2.65374	22	20123416	TGGGGTGTGT	T	0.007960513807183036	2.099058900048404
22:30650328:G:A	0.000485037	0.0511884	-4.65904	-2.65301	22	30650328	G	A	0.007977750731928782	2.0981195375221775
22:31751329:CTT:C	0.00151562	3.82689e-05	3.67894	2.65281	22	31751329	CTT	C	0.007982479006207134	2.097862214974598
22:49175604:A:C	0.00090359	0.0155111	-2.84294	-2.65263	22	49175604	A	C	0.007986736598483665	2.097630638305903
22:23994310:T:G	0.000694158	0.0463152	-4.20053	-2.65156	22	23994310	T	G	0.008012087617272207	2.0962543100662074
22:48846342:CATGTCTTCC:C	0.000666801	0.0131082	-2.9785	-2.65034	22	48846342	CATGTCTTCC	C	0.00804108040812038	2.0946855950623275
22:49918341:AAC:A	0.000411043	0.00456248	-2.40693	-2.65002	22	49918341	AAC	A	0.008048700608399089	2.094274226980179
22:47694931:T:G	0.000195637	0.00312051	-2.76949	-2.64989	22	47694931	T	G	0.008051798161108202	2.0941071203476667
22:41222923:CA:C	0.000250719	2.03546e-05	2.51102	2.64922	22	41222923	CA	C	0.008067779402530619	2.0932459852204834
22:49012351:G:C	0.00113331	0.0338695	-3.39737	-2.64892	22	49012351	G	C	0.008074944382116478	2.092860460281453
22:39302942:ATTATTTAT:A	0.00431905	0.000351078	2.50978	2.64799	22	39302942	ATTATTTAT	A	0.008097192034823439	2.091665560776287
22:30067264:T:G	1.77034e-05	0.00126816	-4.27157	-2.64784	22	30067264	T	G	0.008100785500202209	2.091472867311052
22:28632966:GA:G	0.000530394	6.85417e-06	4.34876	2.64751	22	28632966	GA	G	0.008108696149596315	2.0910489732313886
22:43855309:G:A	7.97935e-06	0.000357324	-3.80179	-2.64627	22	43855309	G	A	0.008138482860603381	2.089456546791097
22:39745794:G:A	0.000119879	0.00793982	-4.19316	-2.6449	22	39745794	G	A	0.008171506218932223	2.0876978844370533
22:29452038:CTTCT:C	0.00956891	0.000146864	4.17677	2.64252	22	29452038	CTTCT	C	0.008229160502417539	2.0846444670676547
22:31261548:C:CAAAAAAAAA	1.24764e-05	0.000525059	-3.73967	-2.64159	22	31261548	C	CAAAAAAAAA	0.008251788005965346	2.08345193787558
22:34499566:T:G	2.82012e-06	0.000118677	-3.73962	-2.64153	22	34499566	T	G	0.008253249754862598	2.0833750123343164
22:29820185:C:T	1.90163e-05	0.00135125	-4.26349	-2.6408	22	29820185	C	T	0.008271052933839706	2.082439199728194
22:48401331:G:A	0.00269026	0.0201525	-2.01369	-2.6405	22	48401331	G	A	0.008278379265486479	2.0820546807215816
22:39748586:AT:A	0.00715993	0.000110208	4.17388	2.64018	22	39748586	AT	A	0.00828620041867952	2.0816445666117116
22:17671393:CAA:C	0.000700584	8.70837e-05	2.08504	2.6396	22	17671393	CAA	C	0.008300393111307801	2.080901338704788
22:29809948:G:A	0.00145143	2.23735e-05	4.17243	2.63899	22	29809948	G	A	0.008315343370672666	2.0801198124806124
22:20550795:A:G	0.0019772	0.0671381	-3.52507	-2.63886	22	20550795	A	G	0.008318532603912436	2.07995327686178
22:43659425:G:A	0.000112359	0.00299155	-3.28185	-2.63878	22	43659425	G	A	0.008320495752855069	2.079850796748324
22:34507735:G:A	3.04709e-06	0.000127738	-3.7358	-2.63763	22	34507735	G	A	0.008348761857925125	2.0783779266890248
22:41106216:A:G	0.000100424	0.00710927	-4.25975	-2.63754	22	41106216	A	G	0.008350977608051308	2.0782626808122036
22:38138202:C:T	0.00897632	0.000388652	3.13966	2.63748	22	38138202	C	T	0.008352455067036657	2.0781858520191365
22:25800037:CA:C	0.0186241	0.000243764	4.33601	2.63691	22	25800037	CA	C	0.008366502593878371	2.0774560499643537
22:35297856:T:TG	0.000201688	0.0208753	-4.6396	-2.63621	22	35297856	T	TG	0.008383782853490394	2.076559978780216
22:37727253:GT:G	0.010087	0.000361857	3.32775	2.63524	22	37727253	GT	G	0.008407781125164826	2.0753186025662087
22:34377098:A:G	0.00264515	0.000362122	1.9885	2.63433	22	34377098	A	G	0.008430350806093896	2.07415435301691
22:38130942:G:A	0.000403872	0.0124982	-3.43224	-2.63379	22	38130942	G	A	0.00844376940626927	2.073463635496103
22:49849678:TC:T	0.00164461	0.000205996	2.07741	2.63305	22	49849678	TC	T	0.008462188881121463	2.072517285183724
22:26706378:GCT:G	0.019888	0.000349892	4.04025	2.63214	22	26706378	GCT	G	0.008484889115159554	2.0713538288900883
22:19499844:G:A	0.000200343	0.00529884	-3.27521	-2.63207	22	19499844	G	A	0.008486637540408551	2.0712643459041726
22:35271982:A:G	0.000247903	0.00492732	-2.98951	-2.63176	22	35271982	A	G	0.008494384439801281	2.0708680875522956
22:45216027:C:CAA	0.00101421	0.0184595	-2.90147	-2.63163	22	45216027	C	CAA	0.008497635021015415	2.0707019260781103
22:49921859:C:CT	0.00584385	0.00140174	1.42768	2.63158	22	49921859	C	CT	0.00849888554070351	2.0706380196098353
22:30503277:T:G	0.000171885	0.007119	-3.7237	-2.63155	22	30503277	T	G	0.008499635931500604	2.070599676206476
22:49722043:T:C	0.0597622	0.00494172	2.49266	2.63103	22	49722043	T	C	0.00851265212184412	2.069935114129123
22:19487292:CA:C	0.0238315	0.000372248	4.1592	2.62825	22	19487292	CA	C	0.008582541486999795	2.066384088568506
22:19091079:A:AG	8.3607e-06	8.0667e-07	2.33838	2.62821	22	19091079	A	AG	0.008583550821936462	2.066333017120677
22:17608597:T:A	0.00389782	0.000729299	1.67609	2.62793	22	17608597	T	A	0.008590619138257122	2.065975534813835
22:17608601:A:C	0.00389782	0.000729299	1.67609	2.62793	22	17608601	A	C	0.008590619138257122	2.065975534813835
22:17608321:G:T	0.00389782	0.000729299	1.67609	2.62793	22	17608321	G	T	0.008590619138257122	2.065975534813835
22:38436507:G:A	0.0145924	0.000332623	3.78125	2.62743	22	38436507	G	A	0.008603254074769503	2.0653372511500834
22:48584503:CCA:C	0.0547845	0.00262344	3.03892	2.62728	22	48584503	CCA	C	0.008607047793748702	2.0651457854503144
22:38737405:A:G	0.00287725	0.000408482	1.95214	2.62724	22	38737405	A	G	0.00860805970467354	2.0650947294425164
22:34510306:A:G	9.91771e-06	0.00064234	-4.1708	-2.62469	22	34510306	A	G	0.008672788929193416	2.0618412229630794
22:42586566:C:G	9.70373e-06	0.000943856	-4.57746	-2.62445	22	42586566	C	G	0.008678903433734862	2.061535143805347
22:34708617:A:T	0.00334954	0.000423687	2.06758	2.62414	22	34708617	A	T	0.008686807037631463	2.0611398254793727
22:49911445:TC:T	0.000170809	0.00154343	-2.20122	-2.62378	22	49911445	TC	T	0.00869599348852707	2.0606807941170033
22:39747572:A:G	0.000113726	0.00735733	-4.16966	-2.62367	22	39747572	A	G	0.008698802190873609	2.0605405448190535
22:35295689:ATTGTT:A	0.00993212	0.00015606	4.15329	2.62344	22	35295689	ATTGTT	A	0.008704677552139665	2.0602473118436193
22:32316935:C:CTGTGTGTG	8.43173e-05	0.00545019	-4.16882	-2.62291	22	32316935	C	CTGTGTGTG	0.008718229932204216	2.059571681203782
22:31368564:T:C	2.1742e-05	0.000971871	-3.79998	-2.62289	22	31368564	T	C	0.008718741711769104	2.0595461878961614
22:19357807:C:A	3.97394e-06	0.000276561	-4.24267	-2.62265	22	19357807	C	A	0.008724885160999613	2.059240280617768
22:20124448:A:ACC	0.000189147	0.0183496	-4.57484	-2.62221	22	20124448	A	ACC	0.0087361581991381	2.0586795101257573
22:35172852:GGCT:G	0.00968178	0.0013785	1.94925	2.62205	22	35172852	GGCT	G	0.008740260711677085	2.058475612679783
22:29451080:G:A	0.00016162	0.0104311	-4.1673	-2.62154	22	29451080	G	A	0.008753348962260486	2.0578257575415146
22:31164587:C:CT	9.9536e-05	0.00691753	-4.2413	-2.62145	22	31164587	C	CT	0.008755660470669068	2.0577110879645297
22:38137964:A:T	0.00872869	0.000385279	3.1204	2.62083	22	38137964	A	T	0.008771599021729234	2.0569212295515835
22:31018462:CATAT:C	0.0218356	0.000497248	3.78221	2.6208	22	31018462	CATAT	C	0.00877237089908832	2.056883014474895
22:46992857:C:CTT	0.016687	0.00238564	1.94516	2.62012	22	46992857	C	CTT	0.008789883072327318	2.056016902102654
22:49006579:C:A	0.00136655	0.0436565	-3.46407	-2.61909	22	49006579	C	A	0.008816468355798024	2.054705346925157
22:20718993:C:T	2.94586e-05	0.00284662	-4.5709	-2.61884	22	20718993	C	T	0.008822931918999214	2.0543870719369357
22:33396183:T:C	0.00179221	0.0275499	-2.73255	-2.61867	22	33396183	T	C	0.008827329559804227	2.0541706591459046
22:35303766:G:A	0.000186415	0.00365015	-2.97455	-2.6176	22	35303766	G	A	0.008855053807961005	2.0528087954643586
22:30054931:T:A	1.15673e-05	0.000799668	-4.23601	-2.61684	22	30054931	T	A	0.008874793016861159	2.0518417670259153
22:24776020:G:A	0.000265437	0.0268614	-4.61707	-2.61673	22	24776020	G	A	0.008877653261467824	2.0517018214160716
22:38734966:A:G	0.000218483	0.00361125	-2.8051	-2.61517	22	38734966	A	G	0.008918305468938806	2.049717656318941
22:20736857:A:G	8.09709e-06	0.000286693	-3.56691	-2.61358	22	20736857	A	G	0.008959910464135277	2.047696330195717
22:20736856:C:A	8.09709e-06	0.000286693	-3.56691	-2.61358	22	20736856	C	A	0.008959910464135277	2.047696330195717
22:31683317:T:C	0.00116328	5.65873e-05	3.02322	2.61184	22	31683317	T	C	0.009005639022054483	2.0454854650870264
22:32394116:C:CTT	0.000210112	0.0201305	-4.56235	-2.61154	22	32394116	C	CTT	0.009013544285652113	2.04510440313543
22:38734959:C:T	0.00271198	0.000391005	1.93671	2.6115	22	38734959	C	T	0.009014598788842742	2.0450535975793094
22:20736456:C:T	8.11031e-06	0.000286288	-3.56386	-2.61082	22	20736456	C	T	0.009032542205449795	2.0441900004711355
22:20736412:C:T	8.11031e-06	0.000286231	-3.56366	-2.61064	22	20736412	C	T	0.009037297268423762	2.043961432014692
22:35272786:T:G	0.000242816	0.00471774	-2.96678	-2.61025	22	35272786	T	G	0.00904760757335978	2.0434662445570035
22:50131735:AG:A	0.00209778	4.83408e-05	3.77036	2.61024	22	50131735	AG	A	0.009047872078197017	2.0434535482379816
22:42583683:CAAAA:C	0.000646453	2.56767e-05	3.22592	2.61007	22	42583683	CAAAA	C	0.009052369716913526	2.0432377168984353
22:29069944:CT:C	0.0420142	0.00133334	3.45032	2.60991	22	29069944	CT	C	0.009056604612058908	2.043034592017567
22:25471588:CA:C	7.21908e-06	6.41956e-05	-2.18521	-2.60973	22	25471588	CA	C	0.009061370983398228	2.0428060886940895
22:29819188:T:C	1.9379e-05	0.00132832	-4.22748	-2.6094	22	29819188	T	C	0.009070115148072828	2.042387199394679
22:28810221:T:C	1.75665e-06	5.05379e-05	-3.35932	-2.60925	22	28810221	T	C	0.009074092258248626	2.0421968094821024
22:19111860:A:T	0.0137629	0.000320393	3.76019	2.60894	22	19111860	A	T	0.009082316553494393	2.0418033653463046
22:20120977:G:A	0.000153458	0.0105128	-4.22692	-2.60892	22	20120977	G	A	0.009082847381640849	2.041777983165804
22:46422104:AT:A	0.0102759	0.0638148	-1.82618	-2.60846	22	46422104	AT	A	0.009095064076287466	2.041194236910554
22:27807762:G:A	0.0569269	0.00732879	2.04996	2.60814	22	27807762	G	A	0.00910357129635718	2.0407882021803574
22:42983493:C:CA	6.94865e-05	0.00187026	-3.2927	-2.60809	22	42983493	C	CA	0.009104901191004797	2.0407247629315792
22:35304624:A:G	0.0028723	0.000369493	2.05074	2.60809	22	35304624	A	G	0.009104901191004797	2.0407247629315792
22:49595781:GTGA:G	0.000164877	1.24334e-05	2.58481	2.60793	22	49595781	GTGA	G	0.009109158019459159	2.0405217640151445
22:49176524:G:A	0.00165496	0.0622126	-3.62678	-2.60756	22	49176524	G	A	0.009119008740883651	2.0400523680050973
22:19493426:GTT:G	0.0030922	0.000304712	2.31727	2.60751	22	19493426	GTT	G	0.009120340648570136	2.039988940286562
22:40706070:G:A	0.000122812	0.00431904	-3.56013	-2.60744	22	40706070	G	A	0.009122205611083414	2.039900143150486
22:25046181:A:G	0.000415342	0.028397	-4.22494	-2.60718	22	25046181	A	G	0.00912913559558414	2.039570342272962
22:46366317:T:G	0.00304312	0.0183146	-1.79481	-2.60706	22	46366317	T	G	0.009132335634741535	2.0394181355482544
22:34507717:A:G	3.06103e-06	0.000124522	-3.70573	-2.60701	22	34507717	A	G	0.009133669279891763	2.039354717769348
22:29455194:T:C	0.000139357	0.00459102	-3.49482	-2.60652	22	29455194	T	C	0.009146748205646621	2.0387332761356176
22:34377565:G:GA	0.000222712	0.00447531	-3.00045	-2.60554	22	34377565	G	GA	0.0091729562203926	2.03749067923712
22:19499669:G:A	0.000229582	0.0156631	-4.2228	-2.60532	22	19499669	G	A	0.009178848856552776	2.037211781390783
22:25365291:G:C	4.67721e-05	0.00467095	-4.60383	-2.6053	22	25365291	G	C	0.009179384718250916	2.037186427995241
22:25044425:T:C	0.0272074	0.00205929	2.58113	2.60427	22	25044425	T	C	0.009207019371458664	2.035880943097157
22:32481882:C:CT	0.0376755	0.00068346	4.0096	2.6037	22	32481882	C	CT	0.009222344228392892	2.035158671565592
22:20739202:CG:C	0.000111355	6.52703e-06	2.83677	2.60361	22	20739202	CG	C	0.0092247660225195	2.0350446404986955
22:49946386:A:G	0.00198944	0.0387402	-2.96902	-2.60274	22	49946386	A	G	0.009248205976487137	2.0339425061882963
22:34701562:T:C	0.00205931	0.000266759	2.04378	2.6017	22	34701562	T	C	0.009276295886438576	2.032625407101956
22:34701645:C:A	0.00205884	0.000266759	2.04355	2.60149	22	34701645	C	A	0.009281977117336629	2.0323595065727402
22:49798324:G:A	0.00201438	0.000391184	1.63889	2.60115	22	49798324	G	A	0.009291181883595723	2.0319290381187067
22:47652183:A:T	0.000930479	0.0120946	-2.56481	-2.60001	22	47652183	A	T	0.009322104391584365	2.0304860380226994
22:29450998:C:CA	0.000165529	0.0104311	-4.1434	-2.59994	22	29450998	C	CA	0.009324006130887755	2.0303974495862693
22:28052534:T:C	4.0159e-06	0.00039857	-4.59762	-2.59993	22	28052534	T	C	0.00932427783618618	2.0303847942543336
22:34646757:G:A	2.19044e-05	0.000425107	-2.96566	-2.5998	22	34646757	G	A	0.009327810647968417	2.0302202785560213
22:25800382:A:G	0.000244845	0.0106936	-3.77678	-2.59957	22	25800382	A	G	0.009334063932928962	2.029929228775143
22:48399552:A:G	0.00254404	0.018137	-1.9642	-2.59936	22	48399552	A	G	0.009339776720213923	2.029663506033086
22:38437775:G:A	0.000351087	0.0331542	-4.54789	-2.59918	22	38437775	G	A	0.00934467587765517	2.029435757633145
22:17240661:G:C	0.102872	0.00506999	3.01015	2.59898	22	17240661	G	C	0.00935012207483685	2.0291827189582916
22:46462645:CAAAA:C	0.0840454	0.0076201	2.40057	2.59895	22	46462645	CAAAA	C	0.009350939248613053	2.029144764528236
22:34645884:G:A	2.2028e-05	0.000426834	-2.96408	-2.59842	22	34645884	G	A	0.009365386495313252	2.0284742952435475
22:35303670:G:A	0.000186415	0.00357605	-2.95404	-2.59819	22	35303670	G	A	0.009371662248656048	2.0281833716102984
22:35303589:C:T	0.000186415	0.00357605	-2.95404	-2.59819	22	35303589	C	T	0.009371662248656048	2.0281833716102984
22:49910342:C:T	0.0011237	0.000224788	1.60923	2.5978	22	49910342	C	T	0.009382312318102262	2.027690114367881
22:33802641:C:G	0.00273066	0.000163372	2.81627	2.59761	22	33802641	C	G	0.00938750472369246	2.0274498314553595
22:49397613:G:A	0.00326612	0.0870354	-3.28271	-2.59753	22	49397613	G	A	0.009389691766534947	2.027348663994821
22:29088437:G:T	8.16162e-05	0.00325591	-3.6862	-2.59752	22	29088437	G	T	0.009389965178847045	2.0273360182410904
22:30832375:C:T	0.000156994	0.00682448	-3.77207	-2.59484	22	30832375	C	T	0.009463496183000636	2.0239483887063066
22:38733994:A:G	0.00262033	0.000384086	1.92019	2.59465	22	38733994	A	G	0.009468728645040496	2.0237083292870697
22:34693505:T:TA	7.05981e-05	0.000951875	-2.60143	-2.59182	22	34693505	T	TA	0.009546970807629009	2.020134405402523
22:35296948:A:C	0.000159092	0.00993212	-4.13404	-2.59149	22	35296948	A	C	0.0095561318824308	2.019717865261975
22:20726116:G:A	1.72479e-05	0.00161345	-4.53844	-2.59111	22	20726116	G	A	0.00956669070834215	2.019238266575857
22:35302422:G:A	0.000149799	0.00285157	-2.94633	-2.5909	22	35302422	G	A	0.009572530310866106	2.0189732498096244
22:27324968:TTGGA:T	0.0407702	0.00129449	3.44984	2.59056	22	27324968	TTGGA	T	0.009581991644280523	2.018544212192593
22:28632144:C:T	5.76327e-06	0.000538705	-4.53766	-2.59044	22	28632144	C	T	0.00958533292862905	2.0183927981166
22:39313600:G:A	4.63768e-05	0.00433394	-4.53743	-2.59025	22	39313600	G	A	0.009590625420132292	2.0181530708631366
22:38137654:T:C	0.000373152	0.0088258	-3.16345	-2.58994	22	38137654	T	C	0.00959926613149592	2.017761967712975
22:38137725:T:C	0.000373152	0.0088258	-3.16345	-2.58994	22	38137725	T	C	0.00959926613149592	2.017761967712975
22:35189464:C:CA	0.00201248	0.00029533	1.91903	2.58868	22	35189464	C	CA	0.00963445792395378	2.0161727155968427
22:23992416:C:A	0.0017621	0.0570734	-3.47783	-2.58836	22	23992416	C	A	0.009643413817140985	2.015769196440395
22:48523017:C:T	0.00213895	0.0786847	-3.60513	-2.58768	22	48523017	C	T	0.009662469736772306	2.0149118532985475
22:25784916:C:G	0.000705588	0.0113382	-2.7769	-2.58724	22	25784916	C	G	0.009674817918138193	2.014357199734576
22:35783048:G:A	0.0002019	0.00174976	-2.15946	-2.58713	22	35783048	G	A	0.009677907160603216	2.0142185483599757
22:24382704:C:CA	4.37445e-05	0.00128932	-3.3835	-2.58642	22	24382704	C	CA	0.009697867979294138	2.0133237323935527
22:21667153:ATTT:A	0.0287994	0.000400595	4.27516	2.58633	22	21667153	ATTT	A	0.009700400842840731	2.013210319317568
22:31319473:C:T	8.20499e-06	8.56481e-05	-2.3455	-2.58584	22	31319473	C	T	0.009714201224962308	2.0125929045704547
22:29286687:CA:C	0.00165271	8.52953e-05	2.96405	2.58515	22	29286687	CA	C	0.009733664087416723	2.0117236455076104
22:49949415:C:T	0.00278096	0.0289742	-2.34361	-2.58403	22	49949415	C	T	0.009765329980525008	2.0103130768717903
22:43858049:CA:C	0.000302417	9.86484e-06	3.42283	2.58396	22	43858049	CA	C	0.009767312143798269	2.0102249328747535
22:49595600:CGATGAT:C	0.000161605	1.24875e-05	2.56043	2.58368	22	49595600	CGATGAT	C	0.009775244383048512	2.0098723763481834
22:29018013:A:G	0.00206975	0.000266958	2.04809	2.58348	22	29018013	A	G	0.009780913782612685	2.0096205693220237
22:30340932:T:G	7.67146e-05	0.00746901	-4.57843	-2.58334	22	30340932	T	G	0.009784884105648253	2.009444313856314
22:30078227:C:T	1.04989e-05	0.000390916	-3.61722	-2.58276	22	30078227	C	T	0.009801347891618612	2.0087141955688157
22:19513134:C:G	0.000926157	0.0233226	-3.22613	-2.58248	22	19513134	C	G	0.009809304757882073	2.008361772489089
22:40654010:TA:T	0.0101172	0.000813169	2.52105	2.58236	22	40654010	TA	T	0.009812716605149728	2.0082107435579757
22:40288963:G:A	0.000161569	0.00693276	-3.75908	-2.58178	22	40288963	G	A	0.009829222112233596	2.007480851011427
22:50131999:G:A	4.8972e-05	0.0021005	-3.75868	-2.58139	22	50131999	G	A	0.00984033454850834	2.0069901363144647
22:20733473:G:A	1.7645e-05	0.000602619	-3.53083	-2.58088	22	20733473	G	A	0.009854883086258917	2.006348523621351
22:29761269:C:CAA	0.000178989	0.00575521	-3.47054	-2.58056	22	29761269	C	CAA	0.009864021362824283	2.0059459958459565
22:42821074:A:G	0.000210534	0.00676151	-3.46936	-2.5793	22	42821074	A	G	0.009900076761905921	2.0043614380142767
22:32476685:G:GT	0.000848257	0.0821698	-4.57336	-2.57897	22	32476685	G	GT	0.009909539224383255	2.0039465389516677
22:42584672:T:C	2.68764e-05	0.000628878	-3.15269	-2.57896	22	42584672	T	C	0.009909826091409078	2.0039339669278537
22:30068577:CT:C	0.000512463	1.68185e-05	3.41675	2.57822	22	30068577	CT	C	0.009931074792500608	2.0030037473562996
22:49922280:C:G	0.00107752	0.00648654	-1.79507	-2.5778	22	49922280	C	G	0.009943152913331902	2.002475881624639
22:20713518:C:G	7.96013e-05	0.00270911	-3.52735	-2.57772	22	20713518	C	G	0.009945454990828734	2.0023753437123757
22:42653042:C:T	0.000155105	0.00605227	-3.66409	-2.57745	22	42653042	C	T	0.009953228008062556	2.0020360470197978
22:30001316:G:A	4.63206e-05	0.00183	-3.67648	-2.57722	22	30001316	G	A	0.009959853735167907	2.0017470393349255
22:46391537:C:T	0.00160044	0.013714	-2.14814	-2.57719	22	46391537	C	T	0.009960718250034917	2.001709344228903
22:19265809:A:G	0.000173367	0.00402219	-3.14417	-2.57646	22	19265809	A	G	0.009981775391538453	2.000792206791367
22:38134548:C:T	0.000238023	0.0145971	-4.11621	-2.57537	22	38134548	C	T	0.010013290682579987	1.999423176223711
22:46411361:G:A	0.0277755	0.00614908	1.50785	2.57505	22	46411361	G	A	0.01002255969088718	1.9990213485625268
22:34686693:T:C	0.00035557	5.31305e-05	1.90097	2.57505	22	34686693	T	C	0.01002255969088718	1.9990213485625268
22:43785432:A:G	9.96042e-05	0.00137831	-2.62741	-2.57498	22	43785432	A	G	0.010024588304814543	1.9989334541809656
22:17670243:T:G	0.000216621	4.79849e-05	1.50726	2.57455	22	17670243	T	G	0.010037057815215902	1.998393574230503
22:35089617:G:GT	0.0139069	0.00143188	2.27339	2.57427	22	35089617	G	GT	0.010045184920811408	1.9980420639581642
22:23225191:CT:C	0.00577713	0.00030213	2.9508	2.57357	22	23225191	CT	C	0.010065528330557598	1.9971634244490633
22:46033971:G:A	0.00724108	0.00148826	1.58217	2.57335	22	46033971	G	A	0.010071929546858004	1.9968873207792461
22:29450493:T:C	0.000167217	0.0102232	-4.11312	-2.57258	22	29450493	T	C	0.010094362362154427	1.9959211092457392
22:17680370:A:C	4.4207e-05	0.0014103	-3.46267	-2.57216	22	17680370	A	C	0.010106617186596544	1.9953941839773925
22:38137314:G:A	0.000326284	0.0138661	-3.74943	-2.57209	22	38137314	G	A	0.010108660944826884	1.9953063699073577
22:19112207:A:G	0.000330956	0.0140558	-3.7488	-2.57146	22	19112207	A	G	0.010127071335841498	1.994516130807287
22:36494568:C:T	0.00771282	0.00158904	1.57975	2.57116	22	36494568	C	T	0.01013584867746123	1.9941398818493727
22:34803799:GA:G	0.00247796	0.000201557	2.50912	2.57107	22	34803799	GA	G	0.010138483200479744	1.9940270141284815
22:40706780:C:CT	9.33781e-05	0.00612344	-4.18322	-2.57081	22	40706780	C	CT	0.010146097469977565	1.993700969884761
22:49870943:AT:A	0.000295959	4.44295e-05	1.89632	2.57031	22	49870943	AT	A	0.010160754607905657	1.993074037142683
22:49368976:G:A	0.00106884	0.0975475	-4.51377	-2.57002	22	49368976	G	A	0.010169264383106615	1.9927104616212343
22:45353210:C:T	7.03267e-05	0.00223799	-3.46018	-2.56949	22	45353210	C	T	0.010184833127493248	1.9920460822654436
22:25001191:A:ATATG	0.0442587	0.00224908	2.97953	2.56887	22	25001191	A	ATATG	0.01020307254918958	1.9912690252754128
22:20698389:G:A	2.0418e-05	0.0018606	-4.51224	-2.56872	22	20698389	G	A	0.01020748967877776	1.9910810505381646
22:40083807:G:A	0.000598281	2.29051e-05	3.2627	2.56867	22	40083807	G	A	0.010208962433564828	1.9910183942769484
22:46029508:T:C	0.0104023	0.00207012	1.61443	2.56856	22	46029508	T	C	0.010212203159979907	1.9908805539950314
22:31751310:A:G	4.02504e-05	0.00147668	-3.60243	-2.56844	22	31751310	A	G	0.010215739542326055	1.990730188255656
22:19586665:A:G	0.0425359	0.00374851	2.42899	2.56799	22	19586665	A	G	0.01022901068738904	1.990166367635287
22:29293848:A:G	7.9663e-05	0.00520702	-4.17996	-2.56797	22	29293848	A	G	0.010229600872101452	1.9901413108064567
22:25916293:T:C	0.00169705	0.162305	-4.56059	-2.56793	22	25916293	T	C	0.010230781332464524	1.9900911976250673
22:48838894:G:A	0.000861146	0.0115247	-2.59398	-2.56782	22	48838894	G	A	0.010234028223740657	1.9899533896506003
22:27418798:T:C	0.110346	0.00208172	3.97043	2.56736	22	27418798	T	C	0.010247616073346759	1.9893771537893579
22:45817318:CT:C	0.000859909	0.000115646	2.00629	2.56726	22	45817318	CT	C	0.010250572077823736	1.9892518962366157
22:48829685:T:C	0.0155208	0.00239259	1.86981	2.56674	22	48829685	T	C	0.01026595553960267	1.9886006209389844
22:46391797:A:G	0.00160044	0.0135348	-2.13498	-2.56564	22	46391797	A	G	0.010298565208282966	1.9872232768025877
22:29546308:G:A	3.63979e-06	0.000130658	-3.58065	-2.56519	22	29546308	G	A	0.010311932077729605	1.9866599562408034
22:21895828:C:T	0.000248219	0.00478638	-2.95922	-2.56512	22	21895828	C	T	0.010314012755732503	1.986572335820441
22:30829305:T:C	0.000197894	0.00834229	-3.74136	-2.56398	22	30829305	T	C	0.010347950715310106	1.9851456483860928
22:27836395:C:T	0.000691551	0.00649263	-2.23949	-2.56391	22	27836395	C	T	0.010350037859904423	1.985058061577353
22:17609163:C:CT	0.00364499	0.000729299	1.60903	2.56336	22	17609163	C	CT	0.010366449892968442	1.9843699471660028
22:17607339:G:T	0.00391066	0.000782682	1.60874	2.56308	22	17607339	G	T	0.010374814002562262	1.984019680484297
22:29452441:T:C	0.000143552	0.00868434	-4.10258	-2.56306	22	29452441	T	C	0.010375411668692582	1.983994662626024
22:49847007:CG:C	0.00164617	0.000222743	2.00019	2.56298	22	49847007	CG	C	0.010377802639605851	1.9838945927801492
22:19423510:CACACACACA:C	0.00159511	3.87701e-05	3.71705	2.56272	22	19423510	CACACACACA	C	0.010385576681588475	1.9835693833197166
22:33844053:TG:T	0.0115673	0.000387857	3.3953	2.56208	22	33844053	TG	T	0.010404734866574032	1.9827689820021792
22:44693645:G:A	0.00256728	0.0661371	-3.24888	-2.56174	22	44693645	G	A	0.010414925437438688	1.9823438349072915
22:45158554:G:A	0.000119595	0.00720349	-4.09821	-2.55911	22	45158554	G	A	0.01049405300136341	1.97905674668032
22:32477712:A:C	0.000831502	0.0249856	-3.40282	-2.55868	22	32477712	A	C	0.010507040952451112	1.9785195750243916
22:26693278:C:CT	0.000263531	0.00791702	-3.4026	-2.55846	22	26693278	C	CT	0.010513691478671625	1.9782447713804032
22:19104709:C:G	0.000110299	0.00450795	-3.7104	-2.55828	22	19104709	C	G	0.010519135603299784	1.9780199463173347
22:35309643:C:CA	0.000652624	0.00815486	-2.52537	-2.55783	22	35309643	C	CA	0.010532756887517397	1.9774579398943721
22:39313004:G:A	4.82111e-05	0.0013793	-3.35374	-2.5575	22	39313004	G	A	0.010542755798655223	1.9770458529076713
22:34690587:C:CTTTTTT	4.1982e-05	0.000546044	-2.56546	-2.55737	22	34690587	C	CTTTTTT	0.010546697081289781	1.9768835274713994
22:29181147:C:T	0.0115358	0.0017956	1.86011	2.55695	22	29181147	C	T	0.010559439414406343	1.9763591372654923
22:29451587:C:T	0.000144859	0.0129959	-4.49663	-2.55539	22	29451587	C	T	0.010606888050202436	1.9744120148605828
22:43867531:A:AAAATAAAT	0.000140218	0.00903137	-4.16526	-2.55515	22	43867531	A	AAAATAAAT	0.010614204646239212	1.974112543249347
22:49914949:G:A	0.00216766	0.000397852	1.69532	2.55505	22	49914949	G	A	0.010617254552422743	1.9739877701546156
22:20122154:G:A	0.000162434	0.0145627	-4.49595	-2.5548	22	20122154	G	A	0.010624882727976015	1.9736758547716715
22:23388239:CCT:C	0.0758061	0.0119451	1.84786	2.55414	22	23388239	CCT	C	0.010645044535381025	1.9728525172759386
22:24560092:A:ATTTT	0.000427822	0.0134194	-3.44575	-2.55407	22	24560092	A	ATTTT	0.010647184903248645	1.9727652037365124
22:49601073:G:C	9.41979e-06	0.000159483	-2.82912	-2.55263	22	49601073	G	C	0.01069130032432365	1.9709694707187309
22:29546552:TGGAGATTAC:T	3.62507e-06	0.000128326	-3.5667	-2.55237	22	29546552	TGGAGATTAC	T	0.010699282908326344	1.9706453288001187
22:19486360:C:T	0.000437456	0.0261394	-4.09022	-2.55189	22	19486360	C	T	0.010714033910666393	1.9700469833885854
22:30363614:G:A	6.27214e-05	0.0024166	-3.65141	-2.55168	22	30363614	G	A	0.01072049315829652	1.9697852360051327
22:28718887:AACAC:A	0.00218006	9.07669e-05	3.17881	2.55102	22	28718887	AACAC	A	0.01074081619734748	1.9689627152346307
22:24056912:T:C	5.01826e-08	3.21561e-06	-4.1601	-2.55065	22	24056912	T	C	0.01075222439381912	1.9685016806759912
22:29017317:G:A	0.00202313	0.000269441	2.01605	2.55062	22	29017317	G	A	0.01075314985469405	1.968464301875064
22:30002284:A:G	4.93027e-05	0.00189758	-3.65036	-2.5506	22	30002284	A	G	0.01075376686795353	1.9684393828727373
22:35275110:CTTTTTTTT:C	0.00225672	0.000187611	2.4873	2.55043	22	35275110	CTTTTTTTT	C	0.010759012751635145	1.9682275777577243
22:21667768:ATTTTTTT:A	0.0280107	0.000407846	4.22945	2.54834	22	21667768	ATTTTTTT	A	0.010823692429490703	1.965624557326254
22:49863090:C:T	7.78238e-05	0.00105356	-2.60548	-2.54824	22	49863090	C	T	0.010826795797181122	1.9655000543165866
22:49369685:G:A	0.00107801	0.06408	-4.08501	-2.54718	22	49369685	G	A	0.010859740153610372	1.9641805662023517
22:17609319:C:T	0.00347843	0.000708974	1.59052	2.54554	22	17609319	C	T	0.010910886249251952	1.96213997191142
22:29452495:T:G	0.000143218	0.00848823	-4.08207	-2.54452	22	29452495	T	G	0.010942804499063695	1.9608713596864566
22:49223370:C:T	0.000933824	0.0178775	-2.95201	-2.54324	22	49223370	C	T	0.010982976154190445	1.959279959321027
22:30643024:C:T	0.000120212	0.00762483	-4.14991	-2.54176	22	30643024	C	T	0.01102958793833596	1.9574407123512623
22:27324969:TTGGATGGA:T	0.0584298	0.0014689	3.68331	2.54146	22	27324969	TTGGATGGA	T	0.011039057668816374	1.9570679978658891
22:49855483:T:C	0.00116696	0.000218498	1.67538	2.54138	22	49855483	T	C	0.011041584149942309	1.9569686133619946
22:26704228:G:T	0.00037329	0.0094322	-3.22953	-2.54126	22	26704228	G	T	0.01104537483486902	1.9568195413631195
22:42255961:G:A	0.000191532	0.00564878	-3.38414	-2.54025	22	42255961	G	A	0.011077325612005766	1.9555650782487086
22:49912022:A:C	0.00134719	0.000287266	1.54537	2.5401	22	49912022	A	C	0.01108207777285985	1.9553788063322821
22:41033699:A:T	4.39405e-05	0.00387133	-4.47852	-2.53991	22	41033699	A	T	0.011088099776458851	1.95514287470823
22:49587111:A:G	9.48191e-05	0.00293241	-3.43161	-2.53895	22	49587111	A	G	0.011118571214238007	1.9539510179374087
22:46296342:G:C	0.000540596	0.00358377	-1.8915	-2.53894	22	46296342	G	C	0.011118889016115796	1.9539386046851361
22:35270092:G:A	0.0210222	0.000309717	4.21768	2.53856	22	35270092	G	A	0.011130971468110326	1.9534669304695969
22:31744244:C:T	0.000120262	0.0045646	-3.63642	-2.5364	22	31744244	C	T	0.011199872477648585	1.9507869222020353
22:19511164:A:T	0.000808191	0.01348	-2.81416	-2.5363	22	19511164	A	T	0.011203071493366551	1.9506628925311962
22:46403392:CA:C	0.00186448	0.0152483	-2.10149	-2.53624	22	46403392	CA	C	0.011204991292291458	1.9505884766310386
22:20725621:A:G	2.58399e-05	0.000839992	-3.48147	-2.53613	22	20725621	A	G	0.011208511682502144	1.9504520511863468
22:32146847:C:G	0.000215304	0.00196505	-2.21122	-2.53611	22	32146847	C	G	0.011209151858972179	1.9504272470752544
22:18103093:C:CAAAA	0.0178769	0.00270963	1.8867	2.53539	22	18103093	C	CAAAA	0.011232219849044885	1.9495344046540288
22:34638782:C:T	0.00079679	0.000120856	1.88599	2.5347	22	34638782	C	T	0.01125436622294573	1.9486789567831737
22:50113849:C:T	0.00114765	6.03897e-05	2.94466	2.53458	22	50113849	C	T	0.011258221721898188	1.9485302025004132
22:29823613:C:T	3.02284e-05	0.00176976	-4.06982	-2.53346	22	29823613	C	T	0.011294262975465267	1.9471421043746122
22:29547136:A:G	3.58993e-06	0.000124466	-3.5459	-2.53326	22	29547136	A	G	0.01130070968324102	1.946894282017691
22:20939789:CTT:C	0.0336667	0.000499327	4.211	2.53301	22	20939789	CTT	C	0.011308772662434536	1.9465845263615151
22:26740032:ATTAG:A	0.0586893	0.00232813	3.22719	2.53233	22	26740032	ATTAG	A	0.011330729813721116	1.9457421162739237
22:29908962:TTTTTC:T	0.000202991	5.15949e-06	3.67233	2.53182	22	29908962	TTTTTC	T	0.01134722250828085	1.9451104289504746
22:42585502:A:C	2.68623e-05	0.000599652	-3.10563	-2.53097	22	42585502	A	C	0.011374757698656155	1.944057845770399
22:42588125:A:G	1.22987e-05	0.000501627	-3.70837	-2.53081	22	42588125	A	G	0.011379947421907457	1.9438597444812122
22:20549230:T:C	0.00201919	0.0618975	-3.42279	-2.52952	22	20549230	T	C	0.011421866416494644	1.9422629233971709
22:22008085:G:A	0.0185861	0.0852009	-1.5226	-2.52951	22	22008085	G	A	0.011422191904610891	1.9422505475144942
22:32485594:C:T	0.000661613	0.0604837	-4.51545	-2.52892	22	32485594	C	T	0.011441410282528236	1.9415204405630129
22:38439787:A:G	0.000402587	0.0349856	-4.46478	-2.52817	22	38439787	A	G	0.011465881853413904	1.9405925375896667
22:46413924:A:G	0.00430603	0.038297	-2.18535	-2.52796	22	46413924	A	G	0.011472742213052833	1.940332764691758
22:40702202:G:T	0.000296487	0.00659897	-3.10266	-2.52794	22	40702202	G	T	0.011473395770606288	1.9403080253269593
22:48837266:CAT:C	0.0111491	0.00174475	1.85475	2.52791	22	48837266	CAT	C	0.011474376168894254	1.9402709165768888
22:38138038:T:C	0.000393883	0.00876362	-3.10231	-2.52758	22	38138038	T	C	0.011485165458444576	1.9398627438584317
22:23817827:A:ATATCT	0.00852213	0.000295368	3.3622	2.52673	22	23817827	A	ATATCT	0.01151299752869635	1.9388115885606905
22:26696992:C:T	0.000116189	0.0105883	-4.51229	-2.52619	22	26696992	C	T	0.011530710155899128	1.938143944458062
22:31316862:TA:T	6.51022e-06	8.96032e-05	-2.62202	-2.52522	22	31316862	TA	T	0.01156258802645973	1.9369449479385152
22:49580962:G:A	0.000330198	0.00422392	-2.54883	-2.52481	22	49580962	G	A	0.011576085674750604	1.936438267658392
22:38736596:A:T	0.00273583	0.000429539	1.85148	2.52458	22	38736596	A	T	0.011583663646212033	1.9361540615332256
22:29757949:G:A	0.000117053	0.0101253	-4.46016	-2.52423	22	29757949	G	A	0.011595203787764463	1.935721614156322
22:35271493:G:A	0.0002692	0.00477566	-2.87583	-2.52419	22	35271493	G	A	0.01159652331041101	1.9356721946885664
22:35271468:A:G	0.0002692	0.00477566	-2.87583	-2.52419	22	35271468	A	G	0.01159652331041101	1.9356721946885664
22:39742278:T:A	0.000137138	0.00793982	-4.05866	-2.52337	22	39742278	T	A	0.01162360290274645	1.9346592352630105
22:25344255:G:A	0.000101446	0.00876593	-4.4591	-2.52332	22	25344255	G	A	0.011625255910746974	1.9345974780593442
22:30843038:C:G	0.00022438	0.00907964	-3.70045	-2.52285	22	30843038	C	G	0.011640804383721936	1.9340170087461173
22:44375972:TTGTGTGTGT:T	0.0301247	0.0013229	3.12552	2.52126	22	44375972	TTGTGTGTGT	T	0.01169354141005143	1.9320539420524714
22:49414918:A:G	0.0548217	0.00590107	2.22895	2.52093	22	49414918	A	G	0.011704513352487317	1.9316466385861544
22:20712609:G:A	8.88329e-05	0.00283733	-3.46386	-2.52016	22	20712609	G	A	0.011730150073696925	1.930696431553565
22:20712654:G:T	8.88329e-05	0.00283714	-3.46379	-2.5201	22	20712654	G	T	0.01173214983055446	1.9306223993083016
22:20712648:C:T	8.88329e-05	0.00283714	-3.46379	-2.5201	22	20712648	C	T	0.01173214983055446	1.9306223993083016
22:17605502:G:C	0.00103255	0.00750631	-1.98371	-2.51969	22	17605502	G	C	0.011745822931101765	1.9301165504558622
22:40845941:C:T	0.000570793	9.23551e-05	1.82139	2.51781	22	40845941	C	T	0.011808700262582513	1.9277979008497903
22:42985453:G:A	3.58235e-05	0.0012209	-3.52874	-2.51749	22	42985453	G	A	0.011819432466193169	1.9274033764765948
22:49880142:T:C	4.90132e-06	3.92239e-05	-2.07978	-2.51719	22	49880142	T	C	0.011829501762299542	1.9270335467026471
22:29986664:C:CT	1.91119e-06	4.20758e-05	-3.09174	-2.51681	22	29986664	C	CT	0.011842267124594312	1.9265651468151688
22:41651363:ATTTTTTTTT:A	0.000677445	1.34999e-05	3.91565	2.51653	22	41651363	ATTTTTTTTT	A	0.011851680996381385	1.926220046643199
22:25466560:T:C	6.68852e-05	1.80017e-05	1.31251	2.51582	22	25466560	T	C	0.01187558164061735	1.9253451103662975
22:33802035:GA:G	0.00537575	0.000184193	3.37367	2.5155	22	33802035	GA	G	0.01188636772745762	1.9249508381418072
22:48827629:C:T	0.0150138	0.00232309	1.86607	2.51535	22	48827629	C	T	0.01189142669531194	1.9247660369935304
22:48583858:CCA:C	0.0554431	0.00297771	2.92421	2.51446	22	48583858	CCA	C	0.011921482526939782	1.9236697334184722
22:48397246:C:A	0.0155819	0.00415934	1.32075	2.51435	22	48397246	C	A	0.011925201965617534	1.9235342569997584
22:26692248:T:A	0.000220534	0.00819016	-3.61464	-2.51422	22	26692248	T	A	0.011929598992354656	1.9233741546812604
22:17604228:G:A	0.00795199	0.00167524	1.55747	2.51372	22	17604228	G	A	0.011946524033007631	1.9227584388898016
22:48819291:G:T	0.00135132	0.0167714	-2.5186	-2.51248	22	48819291	G	T	0.011988590034187962	1.921231890827656
22:26696296:T:C	0.000128045	0.00785271	-4.11624	-2.5124	22	26696296	T	C	0.011991308473427562	1.9211334247590168
22:43838159:G:A	0.000219786	0.0196874	-4.49508	-2.51132	22	43838159	G	A	0.012028060923633701	1.9198043808100531
22:48812994:G:A	0.00163573	0.0243445	-2.70022	-2.5113	22	48812994	G	A	0.012028742465200208	1.9197797732396442
22:20112886:C:T	9.95e-05	0.00609365	-4.11485	-2.51119	22	20112886	C	T	0.012032491555751099	1.9196444344328178
22:37200255:CT:C	0.0162773	0.00151955	2.37136	2.51092	22	37200255	CT	C	0.012041698260686672	1.9193122594873309
22:25917547:G:GGTGTGT	0.001075	0.02814	-3.26487	-2.51079	22	25917547	G	GGTGTGT	0.012046133345264136	1.919152333694753
22:38437590:C:G	0.0145924	0.000380512	3.64674	2.50936	22	38437590	C	G	0.012095014921892255	1.9173935915028897
22:38133493:T:G	0.000413184	0.00967785	-3.1537	-2.50929	22	38133493	T	G	0.012097412233419957	1.9173075200091443
22:17603546:G:C	0.00811234	0.00171725	1.55266	2.50909	22	17603546	G	C	0.012104264015627244	1.91706161214287
22:29016030:C:A	0.000175356	0.00293698	-2.81832	-2.50865	22	29016030	C	A	0.012119350044548562	1.9165206705686575
22:24766617:T:C	0.00763367	0.000269701	3.34301	2.50862	22	24766617	T	C	0.012120379243978564	1.9164837909791064
22:47701177:C:T	0.00267242	0.000571599	1.5423	2.50713	22	47701177	C	T	0.0121715937098032	1.9146525529073186
22:47701209:G:A	0.00267242	0.000571599	1.5423	2.50713	22	47701209	G	A	0.0121715937098032	1.9146525529073186
22:25465830:A:ATGTT	6.79409e-05	1.84486e-05	1.30365	2.50691	22	25465830	A	ATGTT	0.012179171802646162	1.9143822432113369
22:49916952:G:A	0.00221671	0.00042996	1.64009	2.50689	22	49916952	G	A	0.012179860927451882	1.914357670552491
22:25467808:ATTC:A	0.00245733	4.94948e-05	3.90496	2.50662	22	25467808	ATTC	A	0.0121891674947068	1.9140259551528656
22:49009931:A:G	0.063787	0.00128479	3.90496	2.50661	22	49009931	A	G	0.012189512303361896	1.9140136699514132
22:47701375:T:C	0.00267242	0.000572034	1.54154	2.50633	22	47701375	T	C	0.012199170455475406	1.913669700379213
22:41703684:A:G	9.33361e-07	4.68541e-08	2.99175	2.50615	22	41703684	A	G	0.01220538284765936	1.9134485934677545
22:38510427:C:T	0.000265578	0.00392793	-2.69396	-2.50511	22	38510427	C	T	0.012241331587444983	1.912171337940035
22:49916349:G:C	0.00221178	0.00042996	1.63786	2.50494	22	49916349	G	C	0.012247216735894408	1.9119625964897682
22:45164066:C:G	0.000211984	0.0120199	-4.03781	-2.50453	22	45164066	C	G	0.012261420643835714	1.911459208281323
22:29089806:G:A	0.000125719	0.00273443	-3.07963	-2.50445	22	29089806	G	A	0.012264193839163709	1.9113609939483729
22:23993066:C:T	0.000594443	0.0144877	-3.19343	-2.50307	22	23993066	C	T	0.012312119006223601	1.9096671953617272
22:17604692:T:A	0.00786175	0.00167524	1.54605	2.50273	22	17604692	T	A	0.012323952099076574	1.9092499983741777
22:17604938:G:A	0.00786175	0.00167524	1.54605	2.50273	22	17604938	G	A	0.012323952099076574	1.9092499983741777
22:33801380:T:C	0.000129893	0.010955	-4.43484	-2.50259	22	33801380	T	C	0.012328827476572258	1.909078224675015
22:29014244:A:C	0.000205703	0.00332607	-2.78311	-2.5024	22	29014244	A	C	0.012335446793059243	1.9088451156313953
22:29660729:AT:A	0.00332147	8.73735e-05	3.63797	2.50166	22	29660729	AT	A	0.012361257306151455	1.907937353409595
22:45215965:C:T	0.011258	0.00141265	2.07561	2.50159	22	45215965	C	T	0.012363701315997991	1.9078514952280106
22:49600446:G:A	9.57073e-06	0.000154558	-2.78186	-2.50102	22	49600446	G	A	0.012383618477115764	1.9071524364928778
22:34698138:C:T	0.000159831	0.00276936	-2.85225	-2.50064	22	34698138	C	T	0.012396912367861047	1.9066864687552472
22:29464099:C:G	0.000151549	0.00555252	-3.6011	-2.50042	22	29464099	C	G	0.012404614606845934	1.9064167240737697
22:49587044:G:A	7.44321e-05	0.00625522	-4.43128	-2.49955	22	49587044	G	A	0.012435114998494305	1.9053501940707185
22:32676160:A:C	0.000814825	0.0242625	-3.39371	-2.49844	22	32676160	A	C	0.012474125707795962	1.9039898836673603
22:48812583:C:T	0.00164685	0.0241813	-2.68671	-2.49793	22	48812583	C	T	0.01249208585542571	1.9033650396187927
22:47640764:G:C	0.00199747	0.0235589	-2.46762	-2.49607	22	47640764	G	C	0.012557781765281165	1.9010870685748265
22:49948990:A:G	0.00228449	0.039358	-2.84656	-2.49566	22	49948990	A	G	0.012572304201726246	1.9005851192601875
22:45158692:A:G	0.00011925	0.00669504	-4.0279	-2.49559	22	45158692	A	G	0.012574785127583784	1.9004994272423696
22:49856029:A:G	0.0011126	0.000218714	1.62669	2.49425	22	49856029	A	G	0.012622360775312638	1.8988594108758452
22:25459741:T:TGTGC	7.6602e-05	0.00460092	-4.09539	-2.49422	22	25459741	T	TGTGC	0.012623427722966147	1.8988227022201654
22:29012606:A:G	0.000214153	0.00343427	-2.77487	-2.4934	22	29012606	A	G	0.012652621891330658	1.897819470144264
22:33466715:T:C	0.000473276	0.00847913	-2.88568	-2.49303	22	33466715	T	C	0.012665814426664665	1.8973668793330116
22:28634583:CT:C	0.000603194	9.38838e-06	4.16277	2.49292	22	28634583	CT	C	0.012669738879123095	1.8972323357499092
22:47857001:TGTGTG:T	0.0468828	0.00207969	3.11543	2.492	22	47857001	TGTGTG	T	0.012702603741540799	1.8961072495414821
22:22904845:G:A	0.000156179	0.00516878	-3.49939	-2.49054	22	22904845	G	A	0.012754913749944002	1.8943224737888074
22:49724958:A:G	0.0739799	0.00823952	2.19485	2.49027	22	49724958	A	G	0.01276460837961611	1.8939925048848556
22:49225135:AC:A	0.0454396	0.000932264	3.88652	2.48951	22	49225135	AC	A	0.012791931987870691	1.8930638583120862
22:29690155:C:T	0.000381562	0.0125922	-3.49656	-2.48793	22	29690155	C	T	0.012848902038056616	1.891133981996978
22:46033401:T:TTGTGTGTGT	0.00914192	0.00250279	1.29547	2.48743	22	46033401	T	TTGTGTGTGT	0.012866977239423734	1.8905234672701772
22:19111453:T:C	0.00858343	0.000392319	3.08551	2.48587	22	19111453	T	C	0.0129235165501874	1.8886192966705635
22:34379344:G:A	0.00410192	0.000669328	1.81294	2.48527	22	34379344	G	A	0.01294532089531671	1.8878871795792058
22:29464468:A:G	0.000160743	0.00472578	-3.38098	-2.48483	22	29464468	A	G	0.012961331425860995	1.88735038417494
22:36227317:CA:C	0.0648758	0.00553974	2.46053	2.48434	22	36227317	CA	C	0.012979181948353773	1.886752679377851
22:49367444:T:C	0.00131552	0.0729397	-4.0154	-2.48429	22	49367444	T	C	0.012981004652410113	1.8866916944298393
22:29811050:T:C	2.73952e-05	0.00151891	-4.01538	-2.48427	22	29811050	T	C	0.012981733797429035	1.8866673007273862
22:29461231:C:CAAAA	6.86932e-05	0.00380767	-4.01512	-2.48404	22	29461231	C	CAAAA	0.012990121569468311	1.8863867845157172
22:49946107:T:C	0.00211645	0.0359721	-2.833	-2.4838	22	49946107	T	C	0.01299887913798563	1.8860940942450344
22:35961741:C:T	3.78559e-05	0.00312325	-4.41284	-2.48379	22	35961741	C	T	0.012999244149981463	1.8860818993112791
22:25799136:TTG:T	0.0144403	0.000298356	3.87949	2.48298	22	25799136	TTG	T	0.01302884024735555	1.885094240971244
22:40558797:GT:G	2.03487e-05	1.95659e-06	2.34181	2.48166	22	40558797	GT	G	0.0130771986379975	1.8834852794337922
22:43837546:A:G	0.0143914	0.000227296	4.14813	2.48076	22	43837546	A	G	0.013110261215464337	1.8823886551211606
22:29021237:A:T	0.0022157	0.000230271	2.26407	2.48053	22	29021237	A	T	0.013118722391367675	1.882108458054604
22:46394132:G:T	0.00172406	0.0132253	-2.03745	-2.48003	22	46394132	G	T	0.013137132913574675	1.8814994061367738
22:49820034:G:A	0.00415995	0.00075584	1.70543	2.47978	22	49820034	G	A	0.013146346739501788	1.8811949172354492
22:28640477:A:G	5.68781e-05	0.00199244	-3.5562	-2.47954	22	28640477	A	G	0.013155197387931706	1.8809026311323336
22:39312352:C:T	7.01421e-05	0.00101234	-2.6695	-2.47909	22	39312352	C	T	0.013171806556045836	1.880354656054478
22:48394215:C:T	0.0120792	0.00299628	1.39412	2.47787	22	48394215	C	T	0.013216929170448198	1.8788694373804158
22:39749698:T:C	0.000112701	0.0062038	-4.00818	-2.47776	22	39749698	T	C	0.013221004311779517	1.8787355531334966
22:29565997:G:T	1.46391e-05	0.000862798	-4.07649	-2.47774	22	29565997	G	T	0.013221745365906678	1.8787112110569557
22:17605973:T:TA	0.00402501	0.000880554	1.51973	2.47739	22	17605973	T	TA	0.013234719759137214	1.878285250308901
22:48813764:G:A	0.00153982	0.0221285	-2.6652	-2.47663	22	48813764	G	A	0.01326293149154304	1.8773604736770093
22:33940785:GCACA:G	0.0415538	0.000782359	3.97243	2.47646	22	33940785	GCACA	G	0.013269249281913345	1.8771536469882475
22:48859261:G:GCATCCATCC	0.0580948	0.00935902	1.82574	2.47615	22	48859261	G	GCATCCATCC	0.013280776807893739	1.8767765218418588
22:41346966:CA:C	0.00441671	0.000161514	3.30856	2.47609	22	41346966	CA	C	0.013283008964225436	1.876703534264847
22:41700789:C:T	4.99182e-08	4.28994e-06	-4.45364	-2.47551	22	41700789	C	T	0.013304603579759749	1.8759980610365077
22:43867972:C:CT	0.000368998	0.0317092	-4.45357	-2.47545	22	43867972	C	CT	0.01330683927577353	1.8759250886351573
22:29240394:AAG:A	0.0448729	0.00506815	2.18086	2.47531	22	29240394	AAG	A	0.013312057191322122	1.875754825231367
22:25042463:G:GT	0.0198959	0.00323691	1.81589	2.47477	22	25042463	G	GT	0.013332200382981592	1.8750981675160698
22:20121555:G:GT	0.000157894	0.00563749	-3.57527	-2.47412	22	20121555	G	GT	0.01335648254655284	1.87430789902771
22:46326359:A:G	0.0046439	0.000935682	1.60203	2.4737	22	46326359	A	G	0.013372193341498154	1.8737973527989762
22:28633045:C:A	6.82543e-06	0.000556484	-4.40098	-2.47366	22	28633045	C	A	0.01337369045920466	1.873748732984113
22:33431536:A:T	0.00246759	0.0284858	-2.44616	-2.47312	22	33431536	A	T	0.013393916052616842	1.873092427364863
22:25867619:A:ATTTCTTTC	0.00611521	0.0740654	-2.49417	-2.47277	22	25867619	A	ATTTCTTTC	0.013407039668434938	1.8726671056377369
22:42837259:C:T	4.54516e-05	0.0010265	-3.11727	-2.47248	22	42837259	C	T	0.013417922129241661	1.872314732875918
22:31561079:G:A	7.82304e-05	0.00636393	-4.39874	-2.47175	22	31561079	G	A	0.013445350475356586	1.8714278726872697
22:25339393:G:A	0.000154175	0.0125248	-4.39737	-2.47058	22	25339393	G	A	0.013489414326211624	1.8700069058074218
22:35794526:T:C	0.0030576	9.62198e-05	3.45875	2.46986	22	35794526	T	C	0.01351659392222864	1.8691327334790009
22:27415916:C:CAGAG	0.00122553	0.0470301	-3.64742	-2.46955	22	27415916	C	CAGAG	0.013528311142428941	1.8687564168025352
22:46031347:GT:G	0.00155277	0.0107015	-1.93034	-2.46931	22	46031347	GT	G	0.013537388701398163	1.8684651009348463
22:31913255:T:C	0.000606195	0.00866712	-2.66009	-2.4687	22	31913255	T	C	0.013560485056990583	1.8677247755274529
22:19115785:T:G	0.000443412	0.0359364	-4.39501	-2.46855	22	19115785	T	G	0.013566169818928867	1.8675427508149947
22:17661069:C:T	0.000201914	0.0025936	-2.55296	-2.46683	22	17661069	C	T	0.013631505733366314	1.8654561694350038
22:48841192:A:G	0.000802308	0.0133547	-2.81213	-2.46556	22	48841192	A	G	0.013679926185021707	1.8639162460021776
22:42987495:C:A	0.000174279	0.00646481	-3.61347	-2.46495	22	42987495	C	A	0.01370323721354417	1.863176824237569
22:26147072:GTGGA:G	0.00957769	0.000502059	2.94847	2.46486	22	26147072	GTGGA	G	0.013706679514016683	1.8630677416655217
22:19503116:A:G	0.000273909	0.00427875	-2.74862	-2.46473	22	19503116	A	G	0.013711653074135528	1.8629101835987227
22:23820633:TTGTC:T	0.00800746	0.000219725	3.59575	2.46461	22	23820633	TTGTC	T	0.013716245467364012	1.8627647513080585
22:21598987:A:G	0.000133442	0.00160205	-2.48538	-2.46439	22	21598987	A	G	0.013724668383299587	1.8624981402143357
22:21598999:T:C	0.000133442	0.00160205	-2.48538	-2.46439	22	21598999	T	C	0.013724668383299587	1.8624981402143357
22:39744527:TTCATCTTGA:T	0.00691044	0.000132103	3.95721	2.46409	22	39744527	TTCATCTTGA	T	0.013736161539580695	1.8621346104406182
22:41999682:T:C	1.38575e-05	0.000456435	-3.49462	-2.46406	22	41999682	T	C	0.013737311322577796	1.8620982594183924
22:49398203:C:A	0.00370431	0.086959	-3.15594	-2.46341	22	49398203	C	A	0.013762244167922518	1.861310741225804
22:30406040:C:G	0.000146051	0.00420749	-3.36067	-2.46311	22	30406040	C	G	0.013773765107669693	1.86094732757349
22:43367751:G:T	0.0211628	0.00347984	1.80526	2.46303	22	43367751	G	T	0.013776838796368606	1.860850423269598
22:40647250:CA:C	0.00850081	0.000832961	2.32293	2.46296	22	40647250	CA	C	0.013779528770845512	1.8607656340772167
22:49786849:A:C	0.00362438	0.000736532	1.59349	2.4621	22	49786849	A	C	0.013812614901867151	1.8597240962258867
22:26088241:T:C	0.000826247	0.013697	-2.80804	-2.46197	22	26088241	T	C	0.013817622392564245	1.8595666798723054
22:35794528:G:A	9.55455e-05	0.00313929	-3.49215	-2.46167	22	35794528	G	A	0.013829184258747929	1.859203436837395
22:46412175:G:A	0.00394601	0.0323443	-2.10373	-2.46162	22	46412175	G	A	0.013831112066736614	1.8591428997872377
22:36919567:AT:A	0.0808988	0.0138785	1.76286	2.46133	22	36919567	AT	A	0.013842298033221739	1.8587918043663063
22:50203891:CA:C	0.00289344	6.11953e-05	3.85613	2.46131	22	50203891	CA	C	0.013843069773548202	1.858767592113273
22:25339025:T:C	0.00015599	0.0125248	-4.38567	-2.46058	22	25339025	T	C	0.013871264308052484	1.8578839529868025
22:38426693:C:T	0.000301489	0.0111324	-3.60888	-2.46054	22	38426693	C	T	0.013872810678201218	1.8578355404862161
22:34698800:A:G	0.000168608	0.00279018	-2.80629	-2.46045	22	34698800	A	G	0.013876290567549755	1.8577266146701155
22:20124820:T:TC	0.000184972	0.00634261	-3.53484	-2.46016	22	20124820	T	TC	0.01388750878754185	1.857375653244255
22:34641814:A:G	2.72538e-05	0.00042881	-2.75582	-2.45788	22	34641814	A	G	0.013975986508721167	1.8546175272574366
22:49928160:A:G	0.0136379	0.00388846	1.25483	2.45785	22	49928160	A	G	0.013977153998376615	1.8545812498083816
22:19111906:A:G	0.00875593	0.000413169	3.05363	2.45767	22	19111906	A	G	0.013984160744355484	1.854363592576852
22:17606491:G:C	0.00394253	0.000880554	1.49903	2.45745	22	17606491	G	C	0.013992728755441837	1.854097584445244
22:19099970:T:TA	8.29021e-06	0.000169336	-3.01681	-2.45737	22	19099970	T	TA	0.013995845544517023	1.8540008589537846
22:17625568:G:C	0.00989506	0.00166021	1.78509	2.45687	22	17625568	G	C	0.014015339363713667	1.85339638188487
22:29093013:T:C	0.00814454	0.000304063	3.28787	2.45656	22	29093013	T	C	0.01402743756357064	1.8530216556743777
22:30066922:C:T	2.04111e-05	0.000584359	-3.35444	-2.45646	22	30066922	C	T	0.014031342174504031	1.8529007843457508
22:17651042:G:A	0.000304451	0.00501283	-2.80125	-2.45604	22	17651042	G	A	0.01404775201794148	1.852393167880897
22:39311218:GA:G	0.00122879	0.000141363	2.16245	2.45563	22	39311218	GA	G	0.014063787486740113	1.851897704701575
22:30414967:A:G	0.000162614	0.0129712	-4.37911	-2.45497	22	30414967	A	G	0.014089634615680328	1.8511002692363752
22:21898048:T:C	0.000361213	0.00622459	-2.84679	-2.45491	22	21898048	T	C	0.014091986432180912	1.8510277836310023
22:49643901:A:G	2.45795e-05	0.00195984	-4.37871	-2.45463	22	49643901	A	G	0.014102966157183781	1.8506895362650957
22:28428608:A:ATTATTTTAT	5.49865e-06	0.000461241	-4.42942	-2.45458	22	28428608	A	ATTATTTTAT	0.014104927616607874	1.8506291382068385
22:34507886:A:G	3.30472e-06	0.00011566	-3.5553	-2.45377	22	34507886	A	G	0.014136736816954732	1.8496508271686474
22:27389590:AAAAAGAAAA:A	0.075591	0.00432013	2.86205	2.45334	22	27389590	AAAAAGAAAA	A	0.014153648891309798	1.8491315821134107
22:32322414:A:C	0.000748995	0.059623	-4.37707	-2.45322	22	32322414	A	C	0.014158371725171918	1.8489866895441325
22:49867403:A:G	0.000385159	5.89262e-05	1.87737	2.45152	22	49867403	A	G	0.014225428086038123	1.846934655505353
22:47700258:C:T	0.00260521	0.000587341	1.48966	2.45144	22	47700258	C	T	0.014228590571282281	1.8468381173036434
22:47197663:A:G	0.215654	0.0619237	1.24777	2.45129	22	47197663	A	G	0.014234521903022324	1.8466571149846138
22:44377984:G:T	0.000876846	0.0193866	-3.09601	-2.451	22	44377984	G	T	0.014245995330210863	1.84630720235169
22:29587538:A:C	4.89935e-05	0.00155234	-3.45583	-2.45052	22	29587538	A	C	0.01426500375917564	1.8457281095597249
22:29093411:G:C	0.000299335	0.0109333	-3.59801	-2.45007	22	29093411	G	C	0.01428284447906407	1.8451852926619505
22:45029214:G:A	0.00463155	0.114349	-3.20636	-2.4498	22	45029214	G	A	0.014293558356624925	1.8448596408891058
22:17607088:C:T	0.00391096	0.000880554	1.49099	2.44971	22	17607088	C	T	0.0142971312242846	1.8447510966923768
22:17606849:T:C	0.00391096	0.000880554	1.49099	2.44971	22	17606849	T	C	0.0142971312242846	1.8447510966923768
22:17607062:T:C	0.00391096	0.000880554	1.49099	2.44971	22	17607062	T	C	0.0142971312242846	1.8447510966923768
22:38733703:G:A	0.00256898	0.000393878	1.87522	2.44957	22	38733703	G	A	0.01430269058437091	1.844582256518829
22:39321061:C:T	3.26672e-05	0.00258814	-4.37232	-2.44917	22	39321061	C	T	0.014318584979338932	1.8440998986503234
22:39321063:T:C	3.26672e-05	0.00258814	-4.37232	-2.44917	22	39321063	T	C	0.014318584979338932	1.8440998986503234
22:39321060:T:C	3.26672e-05	0.00258814	-4.37232	-2.44917	22	39321060	T	C	0.014318584979338932	1.8440998986503234
22:39321083:T:C	3.26672e-05	0.00258814	-4.37232	-2.44917	22	39321083	T	C	0.014318584979338932	1.8440998986503234
22:39321074:G:T	3.26672e-05	0.00258814	-4.37232	-2.44917	22	39321074	G	T	0.014318584979338932	1.8440998986503234
22:39321077:A:G	3.26672e-05	0.00258814	-4.37232	-2.44917	22	39321077	A	G	0.014318584979338932	1.8440998986503234
22:39321069:C:CTGGGAA	3.26672e-05	0.00258814	-4.37232	-2.44917	22	39321069	C	CTGGGAA	0.014318584979338932	1.8440998986503234
22:35303052:A:C	0.000171639	0.00281266	-2.7965	-2.44912	22	35303052	A	C	0.014320572873837686	1.8440396083570665
22:28803802:G:T	2.54759e-06	9.56744e-05	-3.6258	-2.44782	22	28803802	G	T	0.01437234365252506	1.8424724070663987
22:19368944:T:C	0.000263539	7.29799e-06	3.5866	2.44646	22	19368944	T	C	0.014426680463769924	1.8408335872789858
22:25048371:T:A	0.0140923	0.000394873	3.57482	2.44623	22	25048371	T	A	0.01443588766608168	1.8405565060937352
22:40293256:C:T	0.00021023	0.00788112	-3.62402	-2.44604	22	40293256	C	T	0.014443497524050159	1.8403276286866497
22:25048958:C:T	0.0140923	0.000395537	3.57314	2.44475	22	25048958	C	T	0.014495258066849958	1.8387740482626775
22:25048907:A:G	0.0140923	0.000395537	3.57314	2.44475	22	25048907	A	G	0.014495258066849958	1.8387740482626775
22:40294830:G:A	0.000257503	0.00963355	-3.62198	-2.44398	22	40294830	G	A	0.014526231788568345	1.8378470302769871
22:42588456:CAAA:C	0.000465096	1.79331e-05	3.2556	2.44396	22	42588456	CAAA	C	0.014527037077810175	1.8378229550050609
22:48341745:C:T	0.0646811	0.0108258	1.78754	2.44346	22	48341745	C	T	0.014547182105950199	1.8372211245033525
22:34689076:A:G	0.000394082	6.08412e-05	1.86829	2.44328	22	34689076	A	G	0.014554440343419257	1.8370044896712567
22:28835012:CT:C	0.00144602	6.76508e-05	3.06221	2.44245	22	28835012	CT	C	0.014587950205521704	1.83600572777559
22:29448325:G:T	0.000179706	0.00950793	-3.96856	-2.44196	22	29448325	G	T	0.01460776505156905	1.8354162248609578
22:29824193:A:G	3.08473e-05	0.00163173	-3.96835	-2.44177	22	29824193	A	G	0.014615454740932779	1.8351876675863652
22:49870394:G:A	0.000296624	4.59055e-05	1.86588	2.44109	22	49870394	G	A	0.014643004982906873	1.8343697898365738
22:21598850:CT:C	0.000133442	0.00156291	-2.46064	-2.44084	22	21598850	CT	C	0.014653145251765988	1.834069145352495
22:38889964:C:T	0.0520809	0.00283124	2.91208	2.44079	22	38889964	C	T	0.014655174048187053	1.834009019414671
22:29865507:C:CT	0.0014244	4.64236e-05	3.4237	2.44074	22	29865507	C	CT	0.014657203092216516	1.833948894463172
22:34378587:A:G	0.000425598	0.004762	-2.41493	-2.43972	22	34378587	A	G	0.01469864967938016	1.8327225607436786
22:27957004:A:AT	1.3218e-05	0.000372495	-3.33865	-2.43958	22	27957004	A	AT	0.014704346481653606	1.8325542724638542
22:19511961:C:T	0.000917094	0.0232203	-3.23157	-2.43877	22	19511961	C	T	0.014737344769940201	1.8315807563439073
22:29447265:T:C	0.000191056	0.0100708	-3.96483	-2.43859	22	29447265	T	C	0.014744686580142028	1.8313644545778667
22:38134244:C:T	0.000406331	0.0102852	-3.23129	-2.4385	22	38134244	C	T	0.014748358693932054	1.831256308487875
22:41222368:A:G	1.48802e-05	0.000395589	-3.28035	-2.43788	22	41222368	A	G	0.014773677386675649	1.830511388915704
22:46468385:CA:C	0.0478089	0.00560299	2.14391	2.43757	22	46468385	CA	C	0.014786351091703268	1.8301389859932882
22:24304886:C:T	6.71506e-06	0.000215202	-3.46722	-2.43753	22	24304886	C	T	0.014787987106202162	1.830090936764585
22:49860172:G:A	0.000102992	0.000919879	-2.18959	-2.43709	22	49860172	G	A	0.014805993796932503	1.8295624369042796
22:35305433:G:A	0.000311388	0.00503688	-2.7835	-2.43683	22	35305433	G	A	0.01481664319393939	1.8292501774280985
22:26495957:T:C	4.18937e-05	0.00326879	-4.35704	-2.43611	22	26495957	T	C	0.014846169067108641	1.8283855980407586
22:19369213:A:G	0.000260396	7.29799e-06	3.5746	2.43577	22	19369213	A	G	0.014860129853771156	1.827977395519598
22:46315492:G:GC	0.00300879	0.000784279	1.34453	2.4355	22	46315492	G	GC	0.014871224600123925	1.8276532671755459
22:22904118:C:A	9.8989e-05	0.0024965	-3.22763	-2.43495	22	22904118	C	A	0.01489384758880164	1.8269930946769586
22:40540284:G:C	9.26467e-05	2.70323e-05	1.23176	2.43466	22	40540284	G	C	0.014905788278781995	1.8266450517633357
22:39743434:A:G	0.00013178	0.00691044	-3.95966	-2.43392	22	39743434	A	G	0.014936295854711262	1.8257570925686188
22:31367592:C:T	2.4866e-05	0.000920982	-3.61194	-2.43389	22	31367592	C	T	0.014937533807767729	1.8257210987782235
22:17240956:C:CTG	0.102406	0.00597119	2.842	2.43362	22	17240956	C	CTG	0.014948679453688864	1.8253971706376555
22:44379815:C:T	0.000924519	0.0200916	-3.07879	-2.4336	22	44379815	C	T	0.014949505348471757	1.825373177104315
22:35181886:T:C	0.000245126	0.00395108	-2.77997	-2.43349	22	35181886	T	C	0.014954048488377147	1.825241215490831
22:48341757:A:G	0.063957	0.0108017	1.77851	2.43348	22	48341757	A	G	0.014954461561403558	1.8252292192171482
22:33601390:A:T	0.00165811	0.0145855	-2.17435	-2.43347	22	33601390	A	T	0.014954874644482152	1.8252172229829036
22:21597451:C:A	0.00012452	0.00144629	-2.45229	-2.43289	22	21597451	C	A	0.014978850669264911	1.8245215088759057
22:43861364:T:C	0.000351842	1.15815e-05	3.41378	2.4325	22	43861364	T	C	0.014994991512977895	1.824053775710917
22:49583550:C:T	0.000318192	0.00369378	-2.45175	-2.43237	22	49583550	C	T	0.01500037519799252	1.8238978779856587
22:49643530:G:A	4.69628e-05	0.00101822	-3.07646	-2.43125	22	49643530	G	A	0.015046828285401678	1.8225550351741202
22:21656404:GGAGGGA:G	0.00928694	0.000542859	2.83951	2.43117	22	21656404	GGAGGGA	G	0.015050151206520975	1.8224591367593201
22:31368190:C:T	2.07826e-05	0.000472917	-3.12481	-2.43047	22	31368190	C	T	0.015079254348682904	1.8216201332844721
22:17061920:T:C	0.000681831	8.03412e-05	2.1385	2.43001	22	17061920	T	C	0.015098406249140243	1.8210688933514563
22:20124447:AC:A	0.011206	0.000188223	4.08657	2.42959	22	20124447	AC	A	0.015115911473560487	1.8205656601961957
22:29366725:A:G	8.17318e-05	0.000976244	-2.48027	-2.42867	22	29366725	A	G	0.015154318722328496	1.8194635830036476
22:35275142:G:A	8.35299e-05	0.00679285	-4.39842	-2.4278	22	35275142	G	A	0.015190717653318647	1.8184217083285283
22:26706178:C:T	0.00034988	0.0270124	-4.34646	-2.42707	22	26706178	C	T	0.015221318661346961	1.8175477219058473
22:43736234:C:G	2.96871e-05	0.00241174	-4.39739	-2.4269	22	43736234	C	G	0.015228452710630554	1.817344220982551
22:22075154:C:T	0.00214068	0.023661	-2.40271	-2.42665	22	22075154	C	T	0.015238949307822044	1.817044975617513
22:42459950:G:C	0.00321349	0.0634655	-2.98314	-2.42589	22	42459950	G	C	0.015270898092498172	1.8161354210217187
22:32105290:AT:A	2.61984e-05	0.000135072	-1.64011	-2.4251	22	32105290	AT	A	0.01530417050906097	1.815190204328658
22:28053646:C:A	4.43756e-06	0.000359682	-4.39512	-2.42494	22	28053646	C	A	0.015310916992975352	1.814998797997809
22:38891350:C:T	0.0519989	0.00288129	2.89298	2.42428	22	38891350	C	T	0.01533877392231852	1.814209353558632
22:18105228:A:G	0.0262896	0.00359276	1.99025	2.42421	22	18105228	A	G	0.015341731060530498	1.8141256346751014
22:33936370:CTTT:C	0.0327445	0.00123153	3.28048	2.42367	22	33936370	CTTT	C	0.015364560143326485	1.8134798682133613
22:38730503:A:G	0.000211099	0.0028756	-2.61169	-2.42364	22	38730503	A	G	0.015365829302038763	1.8134439956692339
22:35302498:G:A	0.000171639	0.00273785	-2.76954	-2.42362	22	35302498	G	A	0.01536667545911486	1.813420080836914
22:49369878:A:T	0.00108308	0.0561139	-3.94757	-2.423	22	49369878	A	T	0.01539292668072239	1.812678799242735
22:25343374:G:A	0.00010548	0.00852866	-4.39267	-2.42282	22	25343374	G	A	0.015400555393081423	1.8124636168387835
22:48393060:G:A	0.0113658	0.00301254	1.32782	2.42123	22	48393060	G	A	0.015468087011204971	1.8105633935953582
22:30081583:C:CT	1.257e-05	0.000396031	-3.45018	-2.42103	22	30081583	C	CT	0.015476599980359487	1.8103244423580946
22:46392198:A:G	0.00187323	0.0134255	-1.96949	-2.42038	22	46392198	A	G	0.015504295613358102	1.8095479597188595
22:22074561:T:C	0.0215155	0.00238476	2.19968	2.42033	22	22074561	T	C	0.015506427852121312	1.809488237182463
22:28787145:A:G	4.51017e-05	0.000689714	-2.72736	-2.41962	22	28787145	A	G	0.01553673350379724	1.8086402835012223
22:43666954:C:CA	9.0011e-05	0.00192909	-3.06487	-2.41954	22	43666954	C	CA	0.01554015149016093	1.808544751878716
22:18104455:C:G	0.0253804	0.00348766	1.98475	2.41922	22	18104455	C	G	0.015553830053281835	1.8081626506120334
22:38513226:T:C	0.000149622	0.0120455	-4.38833	-2.41908	22	38513226	T	C	0.015559817755363014	1.8079954939982392
22:42652570:CA:C	0.00543248	0.000268095	3.00881	2.41802	22	42652570	CA	C	0.015605219067677895	1.806730130285039
22:34849593:G:A	0.000457081	0.00624098	-2.61403	-2.41783	22	34849593	G	A	0.015613369345978564	1.8065033666065873
22:20112131:C:T	0.000100199	0.0055118	-4.00748	-2.41758	22	20112131	C	T	0.01562409910227815	1.8062050150199942
22:36911206:G:A	0.0516922	0.00472466	2.39251	2.41671	22	36911206	G	A	0.015661489242387163	1.8051669434913897
22:35273802:T:C	0.000211898	0.00335491	-2.76207	-2.41655	22	35273802	T	C	0.01566837415327603	1.8049760662559673
22:30730151:C:T	0.00124516	0.000113856	2.39208	2.41628	22	30730151	C	T	0.015679998478388416	1.8046539837961943
22:35305230:G:A	0.000311329	0.00492741	-2.76172	-2.41622	22	35305230	G	A	0.01568258269181788	1.8045824138173763
22:42830183:T:C	4.19966e-05	0.00215732	-3.93903	-2.41529	22	42830183	T	C	0.01572268593858366	1.8034732605445023
22:30954779:G:T	1.54841e-05	0.000308533	-2.99201	-2.41509	22	30954779	G	T	0.015731322069344553	1.803234777485189
22:29178354:C:CA	0.0100444	0.00175722	1.74328	2.41423	22	29178354	C	CA	0.015768504997212766	1.8022094799265491
22:44964478:CCGA:C	0.00842573	0.000320063	3.27053	2.41387	22	44964478	CCGA	C	0.015784092882113698	1.8017803721254317
22:45209320:AG:A	0.0182964	0.00219724	2.1195	2.41364	22	45209320	AG	A	0.015794058902713893	1.8015062466524534
22:34720250:G:A	0.00590738	0.000939628	1.83847	2.41309	22	34720250	G	A	0.015817913135449425	1.800850813729705
22:38522518:G:T	0.000303859	0.0110219	-3.59107	-2.41291	22	38522518	G	T	0.015825726854213955	1.800636334294807
22:31213818:C:CT	0.0014414	7.15665e-05	3.00274	2.41265	22	31213818	C	CT	0.01583701932981319	1.8003265532025918
22:27958431:T:C	1.09222e-05	0.000269204	-3.20467	-2.41263	22	27958431	T	C	0.015837888275232945	1.8003027249909564
22:38432256:A:AAAATAAATA	0.000233985	0.0186937	-4.38068	-2.41247	22	38432256	A	AAAATAAATA	0.015844841348207607	1.8001121049711832
22:18727800:C:A	0.00158252	0.000475305	1.20282	2.41244	22	18727800	C	A	0.015846145348210435	1.8000763648403142
22:29687550:G:A	0.000272878	0.00989255	-3.59051	-2.41235	22	29687550	G	A	0.015850057914510014	1.7999691465751781
22:20918880:A:G	7.26627e-05	0.00396627	-3.99975	-2.41083	22	20918880	A	G	0.01591626526959296	1.7981588312647547
22:30071451:C:CTTTTTTTT	1.0125e-05	0.000517338	-3.93369	-2.41046	22	30071451	C	CTTTTTTTT	0.015932418289485266	1.7977183001518253
22:49172827:C:A	0.0022645	0.0818906	-3.58803	-2.40986	22	49172827	C	A	0.015958643016946578	1.797004040009548
22:48860479:A:C	0.0728262	0.0111342	1.87805	2.40913	22	48860479	A	C	0.01599060094248369	1.7961352147340348
22:45028479:A:G	0.00482413	0.114537	-3.16726	-2.40904	22	45028479	A	G	0.015994544854194114	1.7960281138245988
22:46445166:A:G	0.188922	0.0302976	1.83026	2.40877	22	46445166	A	G	0.016006381721057714	1.7957068302402472
22:34378743:A:G	0.00357775	0.00061822	1.75564	2.40803	22	34378743	A	G	0.016038862992602772	1.7948264224322092
22:48793421:C:A	0.00309589	0.0361922	-2.45877	-2.40729	22	48793421	C	A	0.016071402195493495	1.7939462303182285
22:39673444:A:G	0.00103297	0.0173183	-2.81933	-2.4072	22	39673444	A	G	0.016075363621544363	1.7938391946373853
22:38736743:G:A	0.000297468	0.00398362	-2.59464	-2.40676	22	38736743	G	A	0.01609474295190471	1.7933159550119693
22:48878502:CAAATAAATA:C	0.0249027	0.00100484	3.21015	2.40554	22	48878502	CAAATAAATA	C	0.016148584001015785	1.7918655530546146
22:36494058:G:A	0.00759838	0.00188108	1.39609	2.40522	22	36494058	G	A	0.016162732424330625	1.7914852167981097
22:30645417:A:C	0.000209329	0.0113522	-3.99326	-2.40517	22	30645417	A	C	0.016164944099357748	1.7914257929010142
22:25343689:C:T	0.000116513	0.00875986	-4.31994	-2.40441	22	25343689	C	T	0.016198594323723437	1.7905226708856032
22:35177863:T:C	0.000299463	0.00467845	-2.74873	-2.40393	22	35177863	T	C	0.016219878802320037	1.789952395234621
22:38502966:C:T	0.000221888	0.0175513	-4.37071	-2.40385	22	38502966	C	T	0.016223428603929443	1.7898573581141657
22:47653871:C:T	0.00108885	0.0117764	-2.38098	-2.40341	22	47653871	C	T	0.016242964719328675	1.7893346990029266
22:49600644:A:G	9.8248e-06	0.000147764	-2.71071	-2.40333	22	49600644	A	G	0.016246518960565042	1.7892396782646673
22:46399626:T:C	0.00178731	0.013628	-2.03141	-2.40285	22	46399626	T	C	0.016267858763750802	1.7886696067610532
22:30085652:G:A	1.44234e-05	0.000480059	-3.50506	-2.40259	22	30085652	G	A	0.01627942810487438	1.788360855912411
22:19117022:G:T	0.000648612	0.0200444	-3.43087	-2.40234	22	19117022	G	T	0.016290559288882678	1.788064005200028
22:29094575:TACACAC:T	0.0111965	0.000382315	3.37711	2.40203	22	29094575	TACACAC	T	0.016304371244647016	1.7876959444965024
22:35185057:A:G	0.0021321	0.000386973	1.70651	2.40174	22	35185057	A	G	0.01631730142072442	1.7873516639029143
22:48519759:G:A	0.00304424	0.154019	-3.92382	-2.40154	22	48519759	G	A	0.016326224032262346	1.7871142483053146
22:48941785:G:A	0.000905301	0.0300822	-3.50342	-2.40093	22	48941785	G	A	0.016353464479942376	1.7863902280107153
22:31167569:A:C	0.000104961	0.00220783	-3.04618	-2.40064	22	31167569	A	C	0.016366428855821315	1.7860460730257093
22:43862091:A:G	0.000354923	1.21412e-05	3.3753	2.40052	22	43862091	A	G	0.01637179606584472	1.7859036737525147
22:43862123:A:G	0.000354923	1.21412e-05	3.3753	2.40052	22	43862123	A	G	0.01637179606584472	1.7859036737525147
22:46445004:G:C	0.189143	0.0306107	1.82115	2.4005	22	46445004	G	C	0.01637269075117478	1.785879941091554
22:48800494:A:T	0.00386197	0.0448313	-2.45173	-2.40029	22	48800494	A	T	0.016382087540866713	1.7856307576602766
22:25040937:T:C	0.00254595	0.0619585	-3.19196	-2.40027	22	25040937	T	C	0.016382982720280742	1.7856070268105135
22:32318231:A:AT	0.000548154	0.0276888	-3.92223	-2.4001	22	32318231	A	AT	0.01639059348056648	1.7854053209463536
22:29068760:CTTTTTT:C	0.0354249	0.001988	2.88029	2.39981	22	29068760	CTTTTTT	C	0.016403583711210125	1.7850612607341239
22:27425000:G:A	0.00504757	0.167537	-3.50229	-2.39978	22	27425000	G	A	0.016404928044249013	1.7850256701882736
22:29684528:G:A	0.000234066	0.00837613	-3.57754	-2.39931	22	29684528	G	A	0.01642600190156083	1.7844681312324764
22:33803570:C:T	9.20767e-05	0.00687802	-4.31346	-2.39888	22	33803570	C	T	0.016445303067070084	1.7839581185848914
22:42568325:T:C	0.00148652	0.000453325	1.18758	2.39876	22	42568325	T	C	0.016450692993291584	1.783815802466388
22:46422490:T:C	0.0589908	0.0147122	1.38871	2.39855	22	46422490	T	C	0.01646012909822754	1.783566762900907
22:25869745:A:C	0.00762976	0.064554	-2.13544	-2.39724	22	25869745	A	C	0.016519099826373753	1.7820136223358654
22:39120178:C:A	0.035684	0.00502614	1.96005	2.39683	22	39120178	C	A	0.01653759440135238	1.7815276637193689
22:38503858:G:A	0.00021599	0.0169342	-4.36186	-2.3962	22	38503858	G	A	0.01656604833660088	1.7807810757859541
22:38888941:T:C	0.0500442	0.00286695	2.85966	2.39548	22	38888941	T	C	0.01659861975960424	1.7799280237496677
22:38206342:CT:C	0.0157726	0.000276036	4.0455	2.39546	22	38206342	CT	C	0.01659952532359113	1.7799043307727482
22:38889274:T:C	0.0500442	0.00286934	2.85883	2.39476	22	38889274	T	C	0.016631247408497443	1.7790751757768606
22:33796850:C:T	0.000203178	0.0159004	-4.36002	-2.39461	22	33796850	C	T	0.016638051919815103	1.7788975248002439
22:29567611:G:C	1.61035e-05	0.000862798	-3.98115	-2.39461	22	29567611	G	C	0.016638051919815103	1.7788975248002439
22:43860428:G:C	0.000307429	1.05952e-05	3.36785	2.39433	22	43860428	G	C	0.016650760215395577	1.778565933339984
22:19116811:C:T	0.0006455	0.0197814	-3.42247	-2.39421	22	19116811	C	T	0.016656209236488282	1.778423832161018
22:33796767:CT:C	0.00430805	0.000261495	2.80183	2.3941	22	33796767	CT	C	0.01666120554795493	1.7782935777262043
22:19580253:C:T	0.0309958	0.00377726	2.10485	2.39403	22	19580253	C	T	0.01666438570403782	1.7782106910201807
22:41221893:G:A	1.50303e-05	0.000248645	-2.80596	-2.39349	22	41221893	G	A	0.01668893625694303	1.777571344115396
22:40548361:C:CAAA	4.39958e-06	6.55052e-05	-2.70062	-2.39346	22	40548361	C	CAAA	0.016690301107228123	1.7775358282082288
22:42254657:C:T	0.000221874	0.00296288	-2.59181	-2.39328	22	42254657	C	T	0.016698492267246158	1.7773227402042577
22:42578705:G:C	0.00077221	3.16215e-05	3.19542	2.39309	22	42578705	G	C	0.016707142320734215	1.7770978278127807
22:42578701:T:C	0.00077221	3.16215e-05	3.19542	2.39309	22	42578701	T	C	0.016707142320734215	1.7770978278127807
22:42578700:C:T	0.00077221	3.16215e-05	3.19542	2.39309	22	42578700	C	T	0.016707142320734215	1.7770978278127807
22:32039945:C:CAA	6.77708e-05	0.000725847	-2.37121	-2.39296	22	32039945	C	CAA	0.01671306304495394	1.7769439485737837
22:21667716:G:A	0.000399406	0.0296228	-4.30632	-2.39278	22	21667716	G	A	0.016721264012052574	1.7767308959932688
22:29447209:T:C	0.000184022	0.013647	-4.30622	-2.39269	22	29447209	T	C	0.016725365820368626	1.7766243744851025
22:32113102:G:T	9.20542e-06	7.26124e-05	-2.06534	-2.39265	22	32113102	G	T	0.016727189129833883	1.7765770326159074
22:31564413:C:CA	4.31207e-05	0.00230504	-3.97885	-2.39261	22	31564413	C	CA	0.01672901261380917	1.776529691376447
22:40968849:CT:C	0.00392206	6.88972e-05	4.04176	2.39235	22	40968849	CT	C	0.016740869514281945	1.7762219886696669
22:46134777:G:A	0.0152344	0.0046759	1.18113	2.39186	22	46134777	G	A	0.016763235267621728	1.775642159734368
22:49367695:C:T	0.00133239	0.0666526	-3.91252	-2.39133	22	49367695	C	T	0.016787456324823688	1.7750151042063402
22:25129522:C:A	2.08512e-05	0.000528695	-3.233	-2.39118	22	25129522	C	A	0.016794316916638265	1.7748376557322714
22:18084240:T:C	0.0451758	0.0070296	1.86043	2.39107	22	18084240	T	C	0.016799349581476372	1.7747075324791317
22:38503696:A:G	0.000217417	0.0169342	-4.35528	-2.39051	22	38503696	A	G	0.01682499095193517	1.774045160656775
22:32212117:C:G	0.00758407	0.00228563	1.19941	2.38958	22	32212117	C	G	0.016867649848730567	1.7729454229727133
22:35302462:AG:A	0.00220856	0.00038926	1.73585	2.38879	22	35302462	AG	A	0.016903961520761426	1.7720115045584408
22:24761408:CCAACTAAAA:C	0.00942856	0.0003784	3.21555	2.38829	22	24761408	CCAACTAAAA	C	0.016926979028421867	1.7714205438612642
22:21597964:ATT:A	0.000128755	0.00142633	-2.40495	-2.38781	22	21597964	ATT	A	0.0169491017099376	1.77085331414262
22:39744439:A:C	0.000133313	0.00664234	-3.90852	-2.38772	22	39744439	A	C	0.016953252536440176	1.7707469686634054
22:27954624:T:C	2.56001e-05	0.00198736	-4.35197	-2.38765	22	27954624	T	C	0.016956481573796624	1.7706642577164282
22:17666678:C:CT	0.00016932	0.00197949	-2.45881	-2.38723	22	17666678	C	CT	0.016975867134908475	1.7701680325239018
22:42649614:CG:C	0.00664518	0.000339715	2.97354	2.38682	22	42649614	CG	C	0.016994809892335445	1.7696836891669152
22:25129526:C:A	2.08512e-05	0.000526322	-3.2285	-2.38674	22	25129526	C	A	0.0169985082021155	1.769589190858058
22:48792308:CTTTGTTTG:C	0.032464	0.00365775	2.18328	2.3863	22	48792308	CTTTGTTTG	C	0.0170188615325649	1.769069495171633
22:45158950:C:T	0.000118265	0.00627079	-3.97073	-2.38553	22	45158950	C	T	0.017054531321582685	1.7681602110116248
22:46038806:A:G	0.00163624	0.0190899	-2.45676	-2.3855	22	46038806	A	G	0.017055922380296143	1.7681247890774063
22:21601969:CA:C	0.0017438	3.67221e-05	3.86044	2.38544	22	21601969	CA	C	0.017058704796392973	1.7680539462712614
22:31323046:T:C	8.13091e-06	0.000177184	-3.08151	-2.38467	22	31323046	T	C	0.017094447837702743	1.7671449226481202
22:28640568:A:AAATAAT	6.95354e-05	0.00166469	-3.17556	-2.38433	22	28640568	A	AAATAAT	0.017110251380815494	1.7667436098335902
22:27557631:C:CATATATATA	0.00146089	0.112913	-4.34758	-2.38386	22	27557631	C	CATATATATA	0.017132118561210028	1.7661889287710837
22:29693680:G:C	0.000431084	0.0126985	-3.38294	-2.38356	22	29693680	G	C	0.017146089151933486	1.7658349224679042
22:45166467:A:T	0.000256034	0.0126897	-3.90324	-2.38294	22	45166467	A	T	0.017174993381005962	1.7651034216391916
22:46025962:G:T	0.00117081	0.0135952	-2.45202	-2.38149	22	46025962	G	T	0.017242758916469113	1.763393243944237
22:37727793:T:A	0.0003699	0.00987036	-3.28406	-2.38123	22	37727793	T	A	0.017254934743152383	1.7630866788380068
22:38200138:A:C	0.000219162	0.010831	-3.90035	-2.38034	22	38200138	A	C	0.017296670642581974	1.762037484195218
22:32488891:A:G	0.000779507	0.0599412	-4.34246	-2.37944	22	32488891	A	G	0.017338965493969412	1.760976817682367
22:27802888:C:CGTGT	0.0913525	0.0285213	1.16408	2.37896	22	27802888	C	CGTGT	0.017361559812359383	1.7604112591440322
22:34758988:T:C	0.000226353	0.00793715	-3.55721	-2.37888	22	34758988	T	C	0.017365328041247307	1.760317008197855
22:26566067:T:C	0.000609686	0.0145011	-3.16904	-2.378	22	26566067	T	C	0.017406825919035404	1.7592804139212512
22:23816522:A:G	0.000240971	0.00816624	-3.52309	-2.37793	22	23816522	A	G	0.017410130617125676	1.759197970635447
22:26699809:T:C	0.000176974	0.00483055	-3.30671	-2.3777	22	26699809	T	C	0.01742099278461697	1.7589270991219736
22:46022289:T:C	0.00119085	0.0137596	-2.44707	-2.37731	22	46022289	T	C	0.017439424823673274	1.7584678427993277
22:46022310:G:C	0.00119085	0.0137596	-2.44707	-2.37731	22	46022310	G	C	0.017439424823673274	1.7584678427993277
22:36994630:AT:A	0.0362026	0.00127374	3.34717	2.37715	22	36994630	AT	A	0.017446991631045555	1.758279447253273
22:33799492:G:A	0.000191913	0.00479514	-3.21832	-2.37669	22	33799492	G	A	0.017468762239729912	1.7577378661389398
22:26483597:T:C	3.9856e-05	0.00305431	-4.33904	-2.37648	22	26483597	T	C	0.017478708912054584	1.7574906502530299
22:26483596:A:G	3.9856e-05	0.00305431	-4.33904	-2.37648	22	26483596	A	G	0.017478708912054584	1.7574906502530299
22:26483725:T:C	3.9856e-05	0.00305431	-4.33904	-2.37648	22	26483725	T	C	0.017478708912054584	1.7574906502530299
22:26567064:G:C	0.000607923	0.0144341	-3.1673	-2.37631	22	26567064	G	C	0.017486764616699423	1.7572905358096134
22:40654867:G:A	0.000708413	0.0115211	-2.78891	-2.37601	22	40654867	G	A	0.017500988507002414	1.7569374203987287
22:40659778:CT:C	0.000759402	0.00635976	-2.12521	-2.37567	22	40659778	CT	C	0.017517121177422358	1.7565372657187326
22:29016269:T:C	0.000229469	0.00259545	-2.42575	-2.37445	22	29016269	T	C	0.017575116367133724	1.7551017907783095
22:34790120:C:T	8.53006e-05	0.00202131	-3.16532	-2.37439	22	34790120	C	T	0.017577972926957723	1.7550312087500195
22:22918914:C:T	0.0221086	0.00394047	1.72467	2.37402	22	22918914	C	T	0.017595597374241673	1.7545959841892453
22:29160539:CAAAAAA:C	0.0241152	0.00582344	1.42095	2.37396	22	29160539	CAAAAAA	C	0.017598456851840007	1.7545254123058904
22:42649452:G:T	0.00032032	0.00797852	-3.21519	-2.37361	22	42649452	G	T	0.01761514525759904	1.7541137711989683
22:29689178:CA:C	0.00825217	0.000326779	3.22895	2.37289	22	29689178	CA	C	0.017649519316499596	1.7532671180968102
22:33428758:TA:T	0.00295636	0.0310586	-2.35192	-2.37233	22	33428758	TA	T	0.017676295327788766	1.7526087510474249
22:36980483:CTT:C	0.0611265	0.00249641	3.19809	2.37182	22	36980483	CTT	C	0.01770071159307739	1.7520092740486537
22:41629819:G:A	1.44213e-05	0.00109816	-4.33269	-2.37099	22	41629819	G	A	0.01774051106499692	1.7510338732578976
22:25045830:G:A	0.0137257	0.000419502	3.48795	2.36998	22	25045830	G	A	0.017789047506447116	1.7498473050789984
22:27425319:T:TTTTG	0.00514502	0.165784	-3.47265	-2.36959	22	27425319	T	TTTTG	0.01780782041775011	1.7493892326125466
22:29680731:G:A	0.000122687	0.00411957	-3.51387	-2.36906	22	29680731	G	A	0.017833360146503576	1.7487668197188195
22:38888446:G:A	0.0483892	0.00285901	2.8288	2.36881	22	38888446	G	A	0.017845418323999215	1.7484732670596734
22:30059389:G:A	1.7103e-05	0.00057334	-3.51223	-2.36748	22	30059389	G	A	0.01790968799482918	1.7469119799412698
22:42459271:T:C	0.00321838	0.0596892	-2.92027	-2.3671	22	42459271	T	C	0.017928087963385672	1.7464660256207367
22:33551996:C:CAA	0.0141831	0.0032303	1.47947	2.36684	22	33551996	C	CAA	0.017940686955261298	1.7461609316839315
22:29155959:CAA:C	0.0247393	0.00464901	1.67174	2.3666	22	29155959	CAA	C	0.017952323677436058	1.7458793300954372
22:30070110:G:T	1.65178e-05	0.00055275	-3.51046	-2.36578	22	30070110	G	T	0.017992132380502946	1.7449173621572154
22:41618360:T:TA	0.000611501	3.1075e-05	2.97951	2.36544	22	41618360	T	TA	0.018008661091861507	1.7445185749112686
22:39787053:C:CTG	0.000846781	0.000266506	1.15604	2.36505	22	39787053	C	CTG	0.01802763687245786	1.7440611984308845
22:49254622:G:A	0.00359565	0.0944917	-3.26879	-2.3649	22	49254622	G	A	0.018034939911512997	1.743885300317717
22:34378428:A:G	0.00346441	0.000636138	1.69488	2.36487	22	34378428	A	G	0.01803640083023225	1.7438501217562563
22:30923032:CA:C	0.00476697	8.65756e-05	4.00845	2.36466	22	30923032	CA	C	0.018046630163809686	1.7436038817302464
22:41519808:C:CAA	2.57609e-05	0.000743262	-3.36219	-2.3645	22	41519808	C	CAA	0.018054427351992253	1.743416281915298
22:49370374:C:T	0.000958963	0.0687466	-4.27233	-2.36373	22	49370374	C	T	0.01809199260154256	1.7425135985244993
22:49912058:G:GCGGGATCAC	0.00145054	0.000332071	1.47434	2.36236	22	49912058	G	GCGGGATCAC	0.018158998736963902	1.740908101574825
22:21007631:T:C	0.0022246	0.0583195	-3.26636	-2.36231	22	21007631	T	C	0.018161448321240527	1.7408495207465546
22:35306075:A:C	0.00314908	0.000529794	1.78238	2.36156	22	35306075	A	C	0.018198226823218363	1.7399709262131444
22:25700210:T:C	0.00111003	0.00743248	-1.90147	-2.36068	22	25700210	T	C	0.018241463402311812	1.738940323789671
22:45981105:G:A	0.00136812	0.0177383	-2.56229	-2.36068	22	45981105	G	A	0.018241463402311812	1.738940323789671
22:23997440:C:A	0.00328054	0.000933454	1.25687	2.3606	22	23997440	C	A	0.018245398456601742	1.7388466477493834
22:29767846:C:G	0.000268185	0.00892492	-3.50493	-2.36045	22	29767846	C	G	0.018252778686634837	1.7386710119520308
22:21008951:C:T	0.00225274	0.0589415	-3.2644	-2.36021	22	21008951	C	T	0.018264592491213216	1.738390013065628
22:46443686:C:T	0.193725	0.032799	1.77604	2.35956	22	46443686	C	T	0.01829662183525979	1.7376290880693905
22:47696857:T:C	0.00262569	0.000593249	1.48748	2.35947	22	47696857	T	C	0.018301060540856274	1.7375237423080396
22:38735722:T:G	0.000283796	0.00362309	-2.54683	-2.35941	22	38735722	T	G	0.01830402020161569	1.7374535135685942
22:40169538:A:G	5.78286e-05	0.00198878	-3.53779	-2.35936	22	40169538	A	G	0.018306486905659065	1.7373949906995714
22:42578772:T:C	0.000747325	3.18719e-05	3.15478	2.35873	22	42578772	T	C	0.01833759231961515	1.7366576867111145
22:34378951:G:A	0.00356013	0.000658118	1.68817	2.35802	22	34378951	G	A	0.0183727030710726	1.7358269437219511
22:38887182:A:C	0.0472615	0.00282858	2.81592	2.35767	22	38887182	A	C	0.01839003283190933	1.7354174954109531
22:38887201:A:G	0.0472615	0.00282858	2.81592	2.35767	22	38887201	A	G	0.01839003283190933	1.7354174954109531
22:21659377:A:C	0.000430669	0.0306498	-4.26504	-2.35751	22	21659377	A	C	0.018397959772532724	1.7352303350697293
22:30342748:G:A	7.66141e-05	0.00392925	-3.93742	-2.35648	22	30342748	G	A	0.018449061086725418	1.7340257311434024
22:26699747:G:A	0.000183354	0.00488838	-3.2832	-2.35639	22	26699747	G	A	0.01845353214604414	1.7339204942898492
22:32191036:C:G	0.0239536	0.00444392	1.68458	2.35437	22	32191036	C	G	0.018554132395642017	1.7315593487576464
22:30728075:A:G	4.57649e-05	0.00130588	-3.35112	-2.35432	22	30728075	A	G	0.018556628575393523	1.7315009248900033
22:17366052:G:A	0.0110503	0.05192	-1.54725	-2.35371	22	17366052	G	A	0.01858710563829943	1.730788232776772
22:41107908:TAGTC:T	0.00115087	0.000219065	1.6589	2.35363	22	41107908	TAGTC	T	0.018591105877057243	1.7306947757999727
22:33425028:T:C	0.0027662	0.042988	-2.74345	-2.35359	22	33425028	T	C	0.018593106278907916	1.7306480482542856
22:28793591:GTTTA:G	0.000571565	1.75716e-05	3.4821	2.35332	22	28793591	GTTTA	G	0.018606613918237043	1.7303326537593318
22:30071019:AAAC:A	0.000261302	1.38768e-05	2.93546	2.35314	22	30071019	AAAC	A	0.018615623780531977	1.730122406670724
22:32189360:T:C	0.0259179	0.00481442	1.68332	2.35308	22	32189360	T	C	0.018618627916136523	1.7300523271359234
22:29461675:C:T	0.00256583	7.99582e-05	3.46853	2.35294	22	29461675	C	T	0.018625639215508347	1.729888813720376
22:30085145:C:CA	1.05084e-05	0.000743396	-4.25905	-2.35239	22	30085145	C	CA	0.018653205975027082	1.7292465141178022
22:43861953:T:C	1.20957e-05	0.000354923	-3.37905	-2.35217	22	43861953	T	C	0.018664242669735296	1.7289896275446817
22:26145122:T:C	0.00036427	0.00538304	-2.69311	-2.3513	22	26145122	T	C	0.01870794376857142	1.7279739441428281
22:29461870:C:G	0.00256583	8.01407e-05	3.46625	2.35094	22	29461870	C	G	0.018726053149295367	1.7275537483112213
22:46317122:C:T	0.00304455	0.000876233	1.24548	2.35086	22	46317122	C	T	0.01873007953802854	1.727460378372037
22:40648977:CA:C	0.00845195	0.000927974	2.20915	2.35028	22	40648977	CA	C	0.018759293511895012	1.7267835214827034
22:45165779:A:G	0.000233213	0.0111441	-3.86671	-2.34994	22	45165779	A	G	0.018776437469421307	1.726386804729107
22:35273520:T:C	0.000229612	0.00338728	-2.69139	-2.34967	22	35273520	T	C	0.018790061549908258	1.726071797294805
22:34676423:G:A	3.57241e-05	6.119e-06	1.76443	2.34902	22	34676423	G	A	0.01882289573251248	1.7253135634852217
22:43862134:C:G	1.21412e-05	0.000354923	-3.3753	-2.34854	22	43862134	C	G	0.018847174714818837	1.7247537434808153
22:31323753:G:A	8.19349e-06	0.000183544	-3.10912	-2.34842	22	31323753	G	A	0.018853248738331465	1.7246138026167246
22:34692539:C:G	0.000564185	0.000105438	1.67726	2.3469	22	34692539	C	G	0.018930334682519867	1.7228417077748888
22:17720413:C:G	0.000453289	0.0117128	-3.25191	-2.34686	22	17720413	C	G	0.018932366976581416	1.722795085951368
22:35770446:G:C	0.00987777	0.00261033	1.33081	2.34624	22	35770446	G	C	0.018963891940783843	1.722072528023773
22:29755711:A:G	0.00036993	0.00955329	-3.25133	-2.34624	22	29755711	A	G	0.018963891940783843	1.722072528023773
22:29540993:C:G	5.95349e-05	0.00301728	-3.92555	-2.34613	22	29540993	C	G	0.018969489871353464	1.7219443480272647
22:49858479:G:A	0.000119517	0.00128688	-2.37651	-2.3457	22	49858479	G	A	0.01899138655726486	1.7214433263537603
22:19480991:T:C	0.000529126	0.0251543	-3.86156	-2.34529	22	19480991	T	C	0.01901228537189434	1.7209656756254976
22:34715017:C:T	0.000440522	0.00638996	-2.67452	-2.34523	22	34715017	C	T	0.01901534542103983	1.7208957810549763
22:40288839:C:CT	0.00016389	0.00422775	-3.25023	-2.34507	22	40288839	C	CT	0.01902350765748948	1.7207094024437621
22:34504594:C:T	4.53908e-06	0.000119489	-3.2705	-2.34488	22	34504594	C	T	0.019033204291838513	1.7204880908975857
22:48397793:T:C	0.00311144	0.0163257	-1.65766	-2.34459	22	48397793	T	C	0.019048012749423315	1.7201503269163674
22:20123400:TGTTGTCTGG:T	0.00934476	0.000173909	3.98404	2.34438	22	20123400	TGTTGTCTGG	T	0.019058742402550358	1.7199057598179424
22:27156602:T:C	0.0435838	0.0102011	1.45219	2.34304	22	27156602	T	C	0.019127332323184146	1.7183455965230698
22:26737771:A:G	0.00188717	0.0485867	-3.24827	-2.34297	22	26737771	A	G	0.019130921301876793	1.7182641148296431
22:43197126:C:G	0.000774597	0.0203465	-3.26832	-2.3429	22	43197126	C	G	0.019134510869238622	1.7181826350598466
22:35784488:A:G	0.000210795	0.00149197	-1.95697	-2.34235	22	35784488	A	G	0.01916273510510788	1.7175425038022958
22:43862627:T:C	0.000377163	1.38422e-05	3.30495	2.34208	22	43862627	T	C	0.01917660395162318	1.7172283010057496
22:32190279:C:T	0.0239637	0.0045018	1.67206	2.3416	22	32190279	C	T	0.01920128134314597	1.7166697889167764
22:30162701:CT:C	0.00477884	0.000305984	2.74842	2.34158	22	30162701	CT	C	0.019202310169877047	1.7166465195424996
22:38891154:G:A	0.0487015	0.00297367	2.79591	2.34038	22	38891154	G	A	0.019264128014562697	1.7152506444259314
22:32385944:A:G	0.000236946	0.0165179	-4.24437	-2.33984	22	32385944	A	G	0.019292002741541452	1.714622685033576
22:36497588:A:C	0.0106287	0.00342505	1.13244	2.33982	22	36497588	A	C	0.019293035815420547	1.7145994294763975
22:39721392:G:A	0.0099828	0.0462638	-1.5335	-2.33964	22	39721392	G	A	0.019302335656091293	1.714390136527007
22:28832142:T:C	0.000750465	4.81514e-05	2.74634	2.33954	22	28832142	T	C	0.01930750392682241	1.7142738681613696
22:21656428:G:A	0.000358547	0.0116633	-3.48214	-2.33851	22	21656428	G	A	0.019360807531076052	1.7130765324110813
22:38890511:T:TC	0.0449358	0.00307666	2.68139	2.33799	22	38890511	T	TC	0.01938776690269886	1.7124722103996697
22:29010784:T:C	0.000246938	0.00343466	-2.63253	-2.33798	22	29010784	T	C	0.019388285673458454	1.7124605898625953
22:41864967:C:G	0.000243451	0.00623664	-3.24328	-2.33764	22	41864967	C	G	0.019405931097495773	1.7120655149541897
22:46316023:A:AC	0.00299746	0.000876233	1.22989	2.33755	22	46316023	A	AC	0.019410604293127822	1.7119609438962509
22:17651394:TTTA:T	0.00398379	0.00083652	1.56074	2.33706	22	17651394	TTTA	T	0.01943606450084323	1.7113916683498314
22:35274744:G:C	0.000217882	0.00317111	-2.67788	-2.33689	22	35274744	G	C	0.019444904449021673	1.711194186605726
22:19117437:C:G	0.000608872	0.0286671	-3.8519	-2.33656	22	19117437	C	G	0.019462074376638817	1.710810872067926
22:46257062:A:G	0.00446307	0.0206209	-1.53047	-2.33653	22	46257062	A	G	0.019463635935762887	1.7107760274109796
22:22920188:C:T	0.033473	0.0033169	2.31171	2.33636	22	22920188	C	T	0.019472486838612888	1.7105785810264948
22:46133849:A:G	0.0166314	0.00384854	1.4636	2.33634	22	46133849	A	G	0.019473528352442024	1.7105553527857258
22:25120337:C:A	0.000216717	0.0101905	-3.85062	-2.33541	22	25120337	C	A	0.01952201252405998	1.7094754129479834
22:47628255:GGT:G	0.0482558	0.00793827	1.80482	2.33405	22	47628255	GGT	G	0.01959310396028549	1.707896757162997
22:34722750:G:C	0.000638282	0.00913725	-2.66133	-2.3337	22	34722750	G	C	0.019611436095944217	1.7074906028794912
22:38890075:C:A	0.00283218	0.0520809	-2.91175	-2.33324	22	38890075	C	A	0.019635552542937258	1.7069568732083162
22:25456188:G:A	0.00520197	0.00167911	1.13077	2.33315	22	25456188	G	A	0.019640274006673702	1.7068524575492579
22:29823426:G:A	3.88242e-05	0.000990162	-3.23882	-2.33287	22	29823426	G	A	0.019654969346648152	1.7065276291571425
22:39198642:CAA:C	0.026815	0.00299771	2.19111	2.33242	22	39198642	CAA	C	0.019678606976314284	1.7060056479733934
22:29537298:G:A	0.000108545	0.00541208	-3.90923	-2.3319	22	29537298	G	A	0.019705952487105736	1.7054025686696381
22:34788963:T:C	0.00115242	3.68238e-05	3.44347	2.33094	22	34788963	T	C	0.019756523699730667	1.7042894702160611
22:41219372:C:T	1.19252e-05	0.000185587	-2.74487	-2.33085	22	41219372	C	T	0.019761270556036888	1.7041851357738729
22:49770965:G:C	0.00336381	0.00107439	1.14132	2.3304	22	49770965	G	C	0.019785019779227926	1.7036635112303895
22:21971292:A:AGG	0.00495564	0.000591764	2.12517	2.32942	22	21971292	A	AGG	0.01983682656251516	1.7025278037858302
22:33428461:A:C	0.00249521	0.0378321	-2.71878	-2.32942	22	33428461	A	C	0.01983682656251516	1.7025278037858302
22:43663179:T:C	6.49138e-05	0.00167959	-3.25325	-2.32923	22	43663179	T	C	0.01984688443086295	1.702307659212284
22:26564436:C:T	0.000692887	0.0323563	-3.8437	-2.32915	22	26564436	C	T	0.01985112065464582	1.7022149709970436
22:34194945:G:A	0.0002044	0.0140653	-4.23139	-2.32875	22	34194945	G	A	0.01987231361722392	1.701751567580656
22:31417072:A:T	4.45158e-05	0.000814699	-2.90698	-2.32837	22	31417072	A	T	0.019892465225288116	1.701311392471542
22:22337553:AT:A	0.0385422	0.00746905	1.64099	2.32826	22	22337553	AT	A	0.019898301914064886	1.7011839839328906
22:28790038:G:A	3.81145e-05	0.00127078	-3.50679	-2.3282	22	28790038	G	A	0.01990148619260006	1.7011144903669495
22:25802753:CA:C	0.0107875	0.000204715	3.96453	2.32816	22	25802753	CA	C	0.019903609292092197	1.7010681621075339
22:31105847:C:T	0.000744473	0.0136205	-2.90665	-2.32804	22	31105847	C	T	0.019909979776983604	1.7009291810950862
22:35305905:A:AGAGTG	0.000360612	0.0051977	-2.66817	-2.3277	22	35305905	A	AGAGTG	0.019928039151573245	1.700535432235123
22:25456556:A:G	0.0050996	0.00165555	1.12503	2.32738	22	25456556	A	G	0.019945049271150386	1.7001648864956658
22:48838039:C:A	0.00113503	0.0116081	-2.32505	-2.32709	22	48838039	C	A	0.019960475638535514	1.6998291141142694
22:26105659:G:A	0.0194868	0.00371592	1.65711	2.32635	22	26105659	G	A	0.01999988667754858	1.6989724651087568
22:34722521:G:A	0.000637251	0.00904309	-2.65259	-2.32605	22	34722521	G	A	0.020015883465012162	1.6986252361603222
22:23809921:T:A	0.00357584	0.000153383	3.14902	2.32549	22	23809921	T	A	0.020045774016964578	1.697977169904519
22:30346136:C:A	5.95583e-05	0.00408207	-4.2274	-2.32535	22	30346136	C	A	0.020053252739440135	1.697815172559286
22:17603106:C:T	0.00828994	0.00212505	1.36125	2.3248	22	17603106	C	T	0.020082657015362413	1.6971788288391552
22:32189902:T:A	0.0239903	0.00458172	1.65558	2.32478	22	32189902	T	A	0.02008372697042387	1.6971556913030827
22:35273816:C:T	0.000224137	0.00322049	-2.66503	-2.32473	22	35273816	C	T	0.020086402075735005	1.697097848149255
22:40653681:T:A	0.00460194	0.00116532	1.37349	2.32448	22	40653681	T	A	0.02009978226732425	1.6968086470875594
22:17671146:A:G	0.000159551	4.73784e-05	1.21419	2.32414	22	17671146	A	G	0.02011799181033875	1.6964153729807272
22:17671287:G:A	0.000159551	4.73784e-05	1.21419	2.32414	22	17671287	G	A	0.02011799181033875	1.6964153729807272
22:47677045:G:A	0.00105425	0.0113356	-2.37512	-2.32411	22	47677045	G	A	0.020119599225696835	1.6963806745008958
22:49414174:G:A	0.052007	0.0062472	2.11924	2.32362	22	49414174	G	A	0.020145869546446895	1.6958139826278695
22:40653456:A:G	0.00459265	0.00116402	1.37258	2.32354	22	40653456	A	G	0.020150161419621167	1.69572147044744
22:40653510:A:G	0.00459265	0.00116402	1.37258	2.32354	22	40653510	A	G	0.020150161419621167	1.69572147044744
22:48858497:T:C	0.00590949	0.0611807	-2.33727	-2.32336	22	48858497	T	C	0.020159821051627665	1.6955133272183562
22:32321302:C:T	0.000721311	0.035608	-3.89926	-2.3232	22	32321302	C	T	0.020168410783212243	1.695328321681793
22:45559000:G:A	0.0411437	0.0137102	1.09893	2.32267	22	45559000	G	A	0.02019688708423361	1.6947155625493902
22:33089350:T:C	0.00208869	0.0429178	-3.02275	-2.3225	22	33089350	T	C	0.020206028420262173	1.6945190405007904
22:23809792:A:G	0.00357584	0.000153925	3.14549	2.32216	22	23809792	A	G	0.020224321923302195	1.6941260304031966
22:19484379:G:T	0.00056415	0.0261394	-3.83588	-2.32208	22	19484379	G	T	0.020228628376476796	1.694033564027147
22:29021804:T:C	0.0017302	0.000339821	1.62757	2.32198	22	29021804	T	C	0.02023401256805576	1.6939179845863854
22:46277605:CA:C	0.00838614	0.00273958	1.11878	2.32109	22	46277605	CA	C	0.020281986984440937	1.6928895003196238
22:49587439:G:A	7.85835e-05	0.00535543	-4.2217	-2.32048	22	49587439	G	A	0.020314925615471872	1.6921847635344314
22:39308407:TC:T	0.00893767	0.000289183	3.43097	2.31996	22	39308407	TC	T	0.020343041285808168	1.6915841195101964
22:49585063:G:C	9.24583e-05	0.0062938	-4.22056	-2.3195	22	49585063	G	C	0.02036794112982372	1.6910528689452144
22:38890702:A:G	0.0028661	0.0519989	-2.89827	-2.31949	22	38890702	A	G	0.0203684827259081	1.6910413209413093
22:41802892:C:T	2.2538e-05	0.000718732	-3.46228	-2.31939	22	41802892	C	T	0.020373899377723707	1.6909258430587553
22:38710996:G:A	1.70025e-07	4.00799e-06	-3.1601	-2.31927	22	38710996	G	A	0.020380401018474926	1.6907872747752575
22:32189705:C:CT	0.0239903	0.00460779	1.6499	2.319	22	32189705	C	CT	0.02039503632764838	1.6904755167806607
22:34278819:G:GTC	0.00329882	0.000618196	1.67452	2.31863	22	34278819	G	GTC	0.02041510701030168	1.6900483392843726
22:19496375:T:C	0.00288695	0.000291307	2.29358	2.31833	22	19496375	T	C	0.020431393181959863	1.6897020185555955
22:31505407:C:G	8.47789e-05	0.00199373	-3.15772	-2.31692	22	31505407	C	G	0.020508090072923677	1.6880747837766052
22:43858003:T:A	1.00361e-05	0.000283933	-3.34255	-2.31683	22	43858003	T	A	0.0205129941329378	1.687970944189991
22:49367574:C:T	0.0013123	0.0604376	-3.82983	-2.31662	22	49367574	C	T	0.02052444091700761	1.6877286641703
22:27957588:G:A	1.00921e-05	0.000721594	-4.26971	-2.31657	22	27957588	G	A	0.020527167162693837	1.687670980999532
22:36201501:C:T	0.0272249	0.00815883	1.20503	2.31631	22	36201501	C	T	0.020541348731553218	1.6873710443102674
22:41225710:G:A	2.37332e-05	0.000364097	-2.73054	-2.31616	22	41225710	G	A	0.02054953429181198	1.6871980159673785
22:28051324:T:C	5.03429e-06	0.000359682	-4.26895	-2.31591	22	28051324	T	C	0.02056318321342729	1.6869096549969085
22:34779078:C:CT	0.00215017	0.000141393	2.72176	2.31536	22	34779078	C	CT	0.020593238670791526	1.6862753471048637
22:25715849:T:C	0.00074544	0.00510358	-1.92372	-2.31533	22	25715849	T	C	0.02059487916049127	1.6862407519030382
22:28791431:C:T	3.80253e-05	0.00125156	-3.4939	-2.31524	22	28791431	C	T	0.02059980131332948	1.6861369684143788
22:31408752:CAAAAAA:C	0.00152381	8.45337e-05	2.89182	2.31454	22	31408752	CAAAAAA	C	0.020638119752290202	1.685329871889855
22:46028048:G:C	0.00192455	0.0112577	-1.76636	-2.31452	22	46028048	G	C	0.020639215477417195	1.685306814811495
22:30918507:G:C	0.000139756	0.00642003	-3.82728	-2.31431	22	30918507	G	C	0.020650723654000485	1.6850647249551547
22:31174379:AT:A	0.000712517	8.11276e-05	2.17278	2.31427	22	31174379	AT	A	0.02065291632185252	1.685018614561483
22:32190645:C:T	0.0237898	0.00459162	1.64503	2.31402	22	32190645	C	T	0.02066662509544467	1.6847304388103026
22:32190939:T:C	0.0237898	0.00459162	1.64503	2.31402	22	32190939	T	C	0.02066662509544467	1.6847304388103026
22:32190888:G:A	0.0237898	0.00459162	1.64503	2.31402	22	32190888	G	A	0.02066662509544467	1.6847304388103026
22:35308619:G:C	0.000635281	0.00631813	-2.29711	-2.31371	22	35308619	G	C	0.02068363499230909	1.6843731349023237
22:35307329:T:G	0.00040316	0.0057248	-2.65323	-2.31357	22	35307329	T	G	0.020691320881297735	1.6842117841941862
22:35307373:T:C	0.00040316	0.0057248	-2.65323	-2.31357	22	35307373	T	C	0.020691320881297735	1.6842117841941862
22:49414312:A:G	0.0520357	0.00631645	2.10877	2.31337	22	49414312	A	G	0.020702305042019434	1.6839812965094116
22:48802888:G:A	0.00435144	0.0462773	-2.36414	-2.31319	22	48802888	G	A	0.020712195132802976	1.683773870998234
22:31262295:A:G	1.15951e-05	0.00029027	-3.22023	-2.31299	22	31262295	A	G	0.020723188953356703	1.6835434131024594
22:34278829:C:CTA	0.000411049	0.00558726	-2.60953	-2.31286	22	34278829	C	CTA	0.020730337664444837	1.683393623877639
22:49722812:A:G	0.00411867	0.0794197	-2.95922	-2.31278	22	49722812	A	G	0.020734737939744122	1.6833014491855318
22:46356183:G:C	0.00773581	0.00212329	1.29289	2.31198	22	46356183	G	C	0.02077878549531727	1.6823798402290948
22:20102001:G:T	0.00023825	0.016071	-4.21146	-2.31172	22	20102001	G	T	0.02079311850260441	1.6820803713271728
22:47752509:T:C	0.000684974	0.0101996	-2.70072	-2.31171	22	47752509	T	C	0.020793669944181623	1.6820688538215882
22:33392151:CT:C	0.00171456	0.0170354	-2.29613	-2.31163	22	33392151	CT	C	0.020798081935743007	1.68197671518785
22:21834570:CTCTATCTA:C	2.4738e-07	1.42618e-06	-1.75183	-2.31142	22	21834570	CTCTATCTA	C	0.02080966729622003	1.681734863208402
22:35762503:C:CT	0.0165837	0.00560352	1.08502	2.31065	22	35762503	C	CT	0.020852195092141302	1.6808482204875816
22:49909501:G:C	0.00113706	0.000276281	1.41478	2.31043	22	49909501	G	C	0.020864359796297204	1.6805949366748234
22:46432457:C:G	0.0162639	0.0936172	-1.75026	-2.31003	22	46432457	C	G	0.020886493287422172	1.6801344692471496
22:20714562:T:G	4.23288e-05	0.00284926	-4.20935	-2.30992	22	20714562	T	G	0.020892583583910676	1.680007851697174
22:30919231:C:T	0.000140531	0.00642003	-3.82175	-2.30932	22	30919231	C	T	0.02092583063570685	1.6793172939873096
22:38891430:A:G	0.00289613	0.0519989	-2.88785	-2.30886	22	38891430	A	G	0.020951351258466366	1.678787961949672
22:37193829:A:G	0.0118123	0.00233041	1.62309	2.30872	22	37193829	A	G	0.020959123786280294	1.6786268773532733
22:49914796:A:C	0.000298627	0.00202716	-1.91519	-2.3084	22	49914796	A	C	0.02097689900045493	1.678258712831222
22:35306181:A:T	0.000368376	0.0051977	-2.64687	-2.30754	22	35306181	A	T	0.021024734996407127	1.677269469505003
22:19492066:A:G	0.000267553	0.00513227	-2.95399	-2.30749	22	19492066	A	G	0.021027519080410433	1.6772119642726153
22:40637957:G:A	0.000303614	0.0046183	-2.72203	-2.30743	22	40637957	G	A	0.021030860405241755	1.6771429592868174
22:43658086:G:A	0.000161628	0.00309727	-2.95298	-2.30648	22	43658086	G	A	0.021083826400485457	1.676050568326062
22:42457697:A:G	0.00296236	0.0514863	-2.85533	-2.30637	22	42457697	A	G	0.021089966806554637	1.6759241037949613
22:27957445:T:C	1.02125e-05	0.000721594	-4.25785	-2.30632	22	27957445	T	C	0.021092758415252037	1.675866621484451
22:33426349:G:A	0.00274356	0.0406265	-2.69517	-2.30627	22	33426349	G	A	0.021095550345885162	1.6758091401534758
22:39388255:CAAAAA:C	0.00814776	0.00162538	1.612	2.30624	22	39388255	CAAAAA	C	0.021097225658806708	1.6757746518250667
22:43857788:G:A	1.01555e-05	0.000283933	-3.33073	-2.30538	22	43857788	G	A	0.021145300610736845	1.674786136355047
22:22900886:G:A	0.00285953	0.000868119	1.19208	2.30524	22	22900886	G	A	0.02115313579172453	1.6746252426579746
22:31879047:T:A	0.000161499	4.16978e-05	1.35405	2.30422	22	31879047	T	A	0.02121029706074993	1.6734532489308194
22:41033700:T:TA	7.28965e-05	0.00160662	-3.09285	-2.30395	22	41033700	T	TA	0.02122545048873238	1.67314308352479
22:35305616:C:T	0.000358369	0.00503688	-2.64298	-2.30387	22	35305616	C	T	0.02122994220395873	1.6730511881484602
22:35305580:A:G	0.000358369	0.00503688	-2.64298	-2.30387	22	35305580	A	G	0.02122994220395873	1.6730511881484602
22:46106592:A:G	0.0697987	0.0180415	1.35294	2.30306	22	46106592	A	G	0.021275467471829037	1.6721208886720296
22:32191491:T:C	0.0235108	0.00458682	1.63427	2.30306	22	32191491	T	C	0.021275467471829037	1.6721208886720296
22:21893159:C:CA	0.00272741	0.000525097	1.64753	2.30296	22	21893159	C	CA	0.02128109376773639	1.6720060547094546
22:49723543:A:G	0.00422188	0.0806166	-2.94942	-2.30288	22	49723543	A	G	0.021285595737471755	1.6719141903599464
22:19498013:GA:G	0.00274202	0.000281053	2.27791	2.30275	22	19498013	GA	G	0.02129291320746381	1.671764916139262
22:48803238:C:T	0.004501	0.0473585	-2.35345	-2.30256	22	48803238	C	T	0.02130361191241427	1.6715467580332606
22:30913022:T:TA	0.000241619	0.00598809	-3.21016	-2.30224	22	30913022	T	TA	0.021321641366911996	1.671179365820211
22:41623480:C:T	1.39046e-05	0.000977705	-4.25299	-2.30212	22	41623480	C	T	0.021328405837604553	1.671041604081973
22:50140021:A:T	0.00012853	0.00387537	-3.40623	-2.30193	22	50140021	A	T	0.021339120072010272	1.6708234928660626
22:46318020:G:A	0.00316487	0.000964572	1.18818	2.30191	22	46318020	G	A	0.02134024815878467	1.670800534613321
22:49723734:T:C	0.0042276	0.0806166	-2.94807	-2.30151	22	49723734	T	C	0.021362820803471842	1.670341402462828
22:48830562:A:G	0.0142089	0.00274238	1.64504	2.30054	22	48830562	A	G	0.021417645834590923	1.6692282672686014
22:48830865:T:TA	0.0142082	0.00274238	1.64499	2.30049	22	48830865	T	TA	0.021420475184639916	1.6691708991541183
22:49919221:T:C	0.00534944	0.00131477	1.40333	2.30045	22	49919221	T	C	0.021422738899011227	1.6691250053675755
22:21963344:G:GA	0.00458179	0.000563626	2.09545	2.30034	22	21963344	G	GA	0.021428965187688172	1.668998800686021
22:49775509:A:G	0.000358084	0.00493146	-2.62262	-2.29985	22	49775509	A	G	0.021456719620735	1.6684366737731713
22:19248966:C:T	3.74936e-05	0.000646784	-2.84784	-2.29938	22	19248966	C	T	0.02148337062430773	1.6678975791784012
22:41220280:T:G	1.21839e-05	0.000183872	-2.71413	-2.29933	22	41220280	T	G	0.02148620753292773	1.6678402337813107
22:23822958:CTTTTTTTTT:C	0.0157401	0.000521426	3.4074	2.29928	22	23822958	CTTTTTTTTT	C	0.02148904476771589	1.667782889363387
22:49912069:T:TC	0.00155316	0.000382292	1.40186	2.29916	22	49912069	T	TC	0.021495855462155745	1.6676452667553505
22:48934501:C:T	0.00164038	0.0493173	-3.40335	-2.29899	22	48934501	C	T	0.02150550716308343	1.6674503110484444
22:48832279:C:CA	0.0144976	0.00280315	1.64324	2.29879	22	48832279	C	CA	0.021516866935791423	1.6672209658846433
22:44859604:A:C	0.000261278	0.00815463	-3.44076	-2.29866	22	44859604	A	C	0.021524253589271476	1.6670718999291814
22:30002455:G:A	6.31568e-05	0.00189758	-3.40271	-2.29834	22	30002455	G	A	0.02154244552740811	1.6667049965453686
22:29863619:A:C	7.87997e-05	0.00149786	-2.94489	-2.2983	22	29863619	A	C	0.02154472046061092	1.6666591364422523
22:39318485:C:T	4.94738e-05	0.00114146	-3.13862	-2.29809	22	39318485	C	T	0.021556667291634836	1.666418381181535
22:43658183:G:T	0.000161628	0.00306919	-2.94387	-2.29727	22	43658183	G	T	0.021603372067030155	1.6654784545989116
22:32140757:G:GTT	0.000539289	0.000150491	1.27635	2.29703	22	32140757	G	GTT	0.021617058410651365	1.665203403950637
22:31261276:A:G	0.000257471	1.60943e-05	2.77244	2.29691	22	31261276	A	G	0.021623904412446007	1.6650658870854589
22:29773090:T:C	0.000268881	0.00837399	-3.43862	-2.2966	22	29773090	T	C	0.021641598653048495	1.6647106612848055
22:32318925:G:A	0.000620153	0.014284	-3.13693	-2.29642	22	32318925	G	A	0.021651878510711986	1.6645044184124662
22:23828841:T:C	0.000694329	0.0215741	-3.4363	-2.29437	22	23828841	T	C	0.02176925485189781	1.6621564363354544
22:34759101:A:T	0.000239522	0.00522631	-3.08281	-2.2942	22	34759101	A	T	0.02177901331831728	1.6619617995167326
22:30415230:G:C	0.000161254	0.0112342	-4.24374	-2.29413	22	30415230	G	C	0.021783032616743896	1.6618816582334073
22:32190305:A:G	0.0237289	0.00467453	1.62456	2.29315	22	32190305	A	G	0.02183937061120373	1.660759881719125
22:37203666:G:A	0.01865	0.00151455	2.51073	2.29313	22	37203666	G	A	0.021840521685171012	1.660736992236295
22:21007418:AGAT:A	0.0537934	0.00238903	3.11427	2.29269	22	21007418	AGAT	A	0.02186585867241573	1.660233463237048
22:38197895:A:G	0.000378905	0.0169931	-3.80328	-2.29262	22	38197895	A	G	0.02186989191399914	1.6601533633395802
22:23813055:C:T	0.000125664	0.00828863	-4.18903	-2.29256	22	23813055	C	T	0.021873349493424378	1.6600847078115517
22:38887089:T:C	0.044264	0.00285902	2.73969	2.29179	22	38887089	T	C	0.021917764000498857	1.6592037536446476
22:35959979:T:C	3.02897e-05	0.00210439	-4.24097	-2.29174	22	35959979	T	C	0.021920650770543858	1.659146556854598
22:30912012:ATC:A	0.0116981	0.000391239	3.39786	2.29091	22	30912012	ATC	A	0.02196861950064209	1.6581972331154726
22:49730688:C:CT	0.0181887	0.00612338	1.08869	2.29085	22	49730688	C	CT	0.021972090656445363	1.6581286177558696
22:42266082:TA:T	0.00710295	0.000585476	2.49584	2.29068	22	42266082	TA	T	0.021981928189235406	1.6579342152238692
22:44860332:G:A	0.000269105	0.00832822	-3.4323	-2.29052	22	44860332	G	A	0.02199119054378287	1.657751258470071
22:48831557:C:T	0.0141494	0.0027605	1.63426	2.29007	22	48831557	C	T	0.022017259121559305	1.65723674633026
22:46442862:C:T	0.204261	0.0403669	1.62139	2.28992	22	46442862	C	T	0.022025954619341526	1.6570652598998872
22:42831342:GT:G	0.00191363	3.80482e-05	3.9179	2.28941	22	42831342	GT	G	0.022055541661866095	1.656482271919995
22:49222752:C:T	0.000835461	0.020684	-3.20913	-2.28924	22	49222752	C	T	0.02206541168909013	1.656287965219637
22:49723360:C:A	0.00423337	0.0797493	-2.93589	-2.2892	22	49723360	C	A	0.022067734606726726	1.6562422476401262
22:32318704:C:T	0.000639451	0.0303513	-3.85998	-2.28896	22	32318704	C	T	0.02208167658010604	1.6559679553157676
22:34740596:TGTGTGTGTG:T	0.0253456	0.00495143	1.63293	2.28877	22	34740596	TGTGTGTGTG	T	0.02209271940881622	1.6557508232162348
22:32321063:G:A	0.000722551	0.0342851	-3.85968	-2.28869	22	32321063	G	A	0.022097370457775104	1.655659403401907
22:26043511:CT:C	0.00341237	0.0329794	-2.26848	-2.28866	22	26043511	CT	C	0.02209911482069717	1.6556251216174118
22:42014838:T:C	3.30323e-05	0.00101932	-3.4294	-2.28773	22	42014838	T	C	0.022153249511066224	1.6545625610338286
22:49787066:A:G	0.000469549	0.00473412	-2.31078	-2.28755	22	49787066	A	G	0.02216374050448219	1.6543569432500511
22:46796698:G:A	0.0162597	0.00313524	1.64599	2.28712	22	46796698	G	A	0.022188819814083674	1.6538657965449914
22:35362474:A:G	0.0216378	0.0023769	2.20865	2.28676	22	35362474	A	G	0.02220983542250594	1.6534546596128197
22:48832068:G:T	0.0143185	0.00280315	1.63081	2.28671	22	48832068	G	T	0.022212755625618964	1.6533975612729919
22:29289722:C:T	7.12462e-05	0.00133803	-2.93281	-2.28609	22	29289722	C	T	0.022248993894545502	1.6526896231516501
22:29072167:C:T	0.00134792	0.028436	-3.04909	-2.28585	22	29072167	C	T	0.02226303540760259	1.6524156229797347
22:43853898:G:C	1.45136e-05	0.000272495	-2.93254	-2.28582	22	43853898	G	C	0.022264791138446587	1.652381374543339
22:38891905:C:A	0.00301775	0.0529383	-2.86462	-2.28517	22	38891905	C	A	0.02230286155024018	1.6516394115818738
22:38892154:T:C	0.00301775	0.0529383	-2.86462	-2.28517	22	38892154	T	C	0.02230286155024018	1.6516394115818738
22:29686342:T:C	0.000241313	0.0113868	-3.85412	-2.28384	22	29686342	T	C	0.022380935904472377	1.6501217565185988
22:49912074:C:A	0.00154133	0.000436489	1.26164	2.28373	22	49912074	C	A	0.02238740380816748	1.6499962671695705
22:49256244:G:A	0.00368691	0.109194	-3.38834	-2.2837	22	49256244	G	A	0.0223891680639148	1.6499620436234574
22:48584953:C:T	0.00208706	0.0474539	-3.124	-2.28367	22	48584953	C	T	0.02239093244053722	1.649927820429544
22:46386352:A:G	0.00374555	0.0131729	-1.2576	-2.28362	22	46386352	A	G	0.022393873336870675	1.6498707825556878
22:43853583:C:A	1.4546e-05	0.000272495	-2.9303	-2.28356	22	43853583	C	A	0.022397402855747563	1.6498023383984557
22:43853597:G:A	1.4546e-05	0.000272495	-2.9303	-2.28356	22	43853597	G	A	0.022397402855747563	1.6498023383984557
22:33801815:T:C	0.000184047	0.0054482	-3.38785	-2.2832	22	33801815	T	C	0.022418590127013208	1.6493917030394971
22:19245507:AT:A	0.00321619	8.24193e-05	3.66413	2.28316	22	19245507	AT	A	0.02242094534349023	1.6493460800191038
22:49402902:CA:C	0.0522854	0.0061466	2.14082	2.28262	22	49402902	CA	C	0.022452761825637654	1.6487302305242726
22:45166286:CT:C	0.00523956	0.000265369	2.98287	2.28231	22	45166286	CT	C	0.022471044570723804	1.6483767388511377
22:33806506:A:G	0.000186334	0.00276479	-2.69718	-2.28196	22	33806506	A	G	0.022491701932207696	1.6479776805447786
22:19384256:G:A	2.21546e-05	0.00144305	-4.17647	-2.28183	22	19384256	G	A	0.0224993788697127	1.647829471096627
22:45181135:TCCC:T	0.00842195	0.000700653	2.48658	2.28182	22	45181135	TCCC	T	0.022499969497698766	1.6478180706437526
22:41624383:A:G	1.42366e-05	0.000977705	-4.22939	-2.28173	22	41624383	A	G	0.02250528575607829	1.6477154683286976
22:43862779:A:G	1.38237e-05	0.000377163	-3.3063	-2.28173	22	43862779	A	G	0.02250528575607829	1.6477154683286976
22:49917825:A:AT	0.00331518	0.000832546	1.38178	2.28165	22	49917825	A	AT	0.02251001223567978	1.6476242689316538
22:40103103:A:T	0.00528633	0.00179888	1.07796	2.28158	22	40103103	A	T	0.022514148613102653	1.6475444715135117
22:22532760:C:CTGTG	0.00138661	0.0409499	-3.38549	-2.2808	22	22532760	C	CTGTG	0.0225602843920768	1.6466554299931646
22:23834772:CA:C	0.00129947	0.039798	-3.42186	-2.28047	22	23834772	CA	C	0.022579828098631932	1.64627936870422
22:25046400:A:ATCCC	0.000408512	0.0180717	-3.78958	-2.28025	22	25046400	A	ATCCC	0.022592865409811848	1.6460286848498051
22:46416688:G:A	0.0492614	0.0123922	1.38007	2.28016	22	46416688	G	A	0.022598200740663255	1.6459261378219947
22:32322393:G:A	0.00077474	0.0363877	-3.84946	-2.27978	22	32322393	G	A	0.022620739767323067	1.6454931964214885
22:48397357:C:T	0.0154858	0.00542487	1.04893	2.27946	22	48397357	C	T	0.022639735151068034	1.645128658009494
22:46431141:G:T	0.0151622	0.0843102	-1.7157	-2.27922	22	46431141	G	T	0.02265399078458288	1.6448552804920533
22:25099082:T:C	0.000437439	0.00762507	-2.85826	-2.27868	22	25099082	T	C	0.02268609448452911	1.6442402634720097
22:38889405:A:G	0.0028777	0.0501615	-2.85826	-2.27868	22	38889405	A	G	0.02268609448452911	1.6442402634720097
22:38889477:T:C	0.0028777	0.0501615	-2.85826	-2.27868	22	38889477	T	C	0.02268609448452911	1.6442402634720097
22:43854025:G:A	1.45449e-05	0.000271081	-2.92518	-2.27838	22	43854025	G	A	0.022703946950660088	1.6438986366444637
22:41803273:A:G	2.40748e-05	0.000735219	-3.419	-2.27772	22	41803273	A	G	0.022743265352801925	1.6431471815614236
22:49584854:C:T	0.000312485	0.00308342	-2.28924	-2.27762	22	49584854	C	T	0.02274922784483854	1.64303333959662
22:45981128:T:G	0.00144612	0.0173855	-2.48675	-2.27725	22	45981128	T	G	0.022771300876736355	1.6426121583418034
22:40654447:T:TA	0.0042649	0.00113057	1.32769	2.27674	22	40654447	T	TA	0.022801756367648224	1.6420316989907995
22:34791893:A:G	0.00230501	7.83693e-05	3.38141	2.27646	22	34791893	A	G	0.022818492073035417	1.641713058690718
22:29823337:C:T	5.52863e-05	0.00096109	-2.85554	-2.27591	22	29823337	C	T	0.02285139685189019	1.641087247387296
22:32902630:C:T	0.000718599	0.0211191	-3.38063	-2.27585	22	32902630	C	T	0.022854988956679558	1.6410189842216987
22:34759313:A:T	0.000242715	0.00519661	-3.06387	-2.2758	22	34759313	A	T	0.022857982752052385	1.6409620993260718
22:23832948:C:T	0.00115214	0.0350877	-3.41623	-2.27504	22	23832948	C	T	0.02290353040488804	1.640097569311317
22:48880142:CACATACACA:C	0.110569	0.0028588	3.65524	2.2749	22	48880142	CACATACACA	C	0.022911929355936986	1.6399383384248765
22:38895043:A:G	0.0699063	0.00460601	2.71979	2.2746	22	38895043	A	G	0.022929936117980183	1.6395971551979873
22:38894949:T:G	0.0699063	0.00460601	2.71979	2.2746	22	38894949	T	G	0.022929936117980183	1.6395971551979873
22:38895022:G:T	0.0699063	0.00460601	2.71979	2.2746	22	38895022	G	T	0.022929936117980183	1.6395971551979873
22:17602211:T:C	0.00836443	0.00225905	1.30904	2.27453	22	17602211	T	C	0.02293413946417294	1.639517550843643
22:17602349:T:C	0.00836443	0.00225905	1.30904	2.27453	22	17602349	T	C	0.02293413946417294	1.639517550843643
22:32494616:GAC:G	0.0504736	0.00130568	3.65473	2.27443	22	32494616	GAC	G	0.02294014540549652	1.6394038336620989
22:42579204:T:TA	3.2962e-05	0.000862015	-3.26392	-2.27422	22	42579204	T	TA	0.022952762329441243	1.6391650403122644
22:33433010:G:A	0.00188756	0.0221101	-2.46075	-2.27417	22	33433010	G	A	0.022955767247214227	1.6391081872951332
22:48792552:G:A	0.00321486	0.0328569	-2.32438	-2.27365	22	48792552	G	A	0.022987038654095685	1.6385169738818084
22:43854381:C:T	1.44937e-05	0.000268744	-2.92005	-2.2732	22	43854381	C	T	0.02301413030647032	1.6380054322511024
22:38894825:C:T	0.0694588	0.00458405	2.71815	2.27318	22	38894825	C	T	0.023015335023287627	1.6379826989057382
22:38894847:C:T	0.0694588	0.00458405	2.71815	2.27318	22	38894847	C	T	0.023015335023287627	1.6379826989057382
22:30170970:A:G	0.000554999	0.0377276	-4.21918	-2.27291	22	30170970	A	G	0.023031604061950473	1.6376758140551269
22:29446736:C:CT	0.000203675	0.0089301	-3.78065	-2.27218	22	29446736	C	CT	0.023075640740297026	1.6368462310989327
22:29092174:T:C	0.00277985	0.000380359	1.98904	2.27016	22	29092174	T	C	0.02319787697962265	1.6345517589980676
22:34379435:A:G	0.00410605	0.000827808	1.60144	2.26957	22	34379435	A	G	0.02323368556520422	1.6338818924954703
22:43854750:C:T	1.43055e-05	0.000264248	-2.91624	-2.26935	22	43854750	C	T	0.02324705019776112	1.6336321466066928
22:46096166:G:C	0.0755612	0.0140633	1.68137	2.26877	22	46096166	G	C	0.02328231622739376	1.632973816344427
22:38442954:G:A	0.000534334	0.0342454	-4.16029	-2.268	22	38442954	G	A	0.023329206676480294	1.6321000293967738
22:24765858:A:G	0.000262955	0.00794915	-3.40884	-2.26793	22	24765858	A	G	0.02333347350693627	1.6320206057151452
22:40083480:C:T	0.000598281	3.07407e-05	2.96847	2.26757	22	40083480	C	T	0.023355427909019993	1.6316121713295832
22:45034715:A:G	0.00598798	0.116751	-2.97029	-2.267	22	45034715	A	G	0.023390225718145145	1.6309655871830697
22:35307135:T:C	0.000408363	0.0055192	-2.60383	-2.26682	22	35307135	T	C	0.023401223845631345	1.6307614291067112
22:47723357:GCA:G	0.003829	0.000863438	1.48944	2.26674	22	47723357	GCA	G	0.02340611334294294	1.630670696249985
22:38443233:T:A	0.000535264	0.0342454	-4.15855	-2.26651	22	38443233	T	A	0.023420175587571968	1.6304098532248967
22:38894741:C:T	0.068045	0.00452555	2.71043	2.2665	22	38894741	C	T	0.023420787155823252	1.6303985126929648
22:49775773:T:C	0.00312294	0.00106238	1.07826	2.26617	22	49775773	T	C	0.023440976685848887	1.6300242970721237
22:38136740:C:CT	0.00034518	0.00955605	-3.32086	-2.26597	22	38136740	C	CT	0.0234532201150134	1.6297975204469
22:47655699:G:A	0.0014343	0.013634	-2.25189	-2.26535	22	47655699	G	A	0.023491210024088025	1.6290946122879613
22:38887355:C:T	0.042026	0.00312895	2.59759	2.26472	22	38887355	C	T	0.0235298673676827	1.628380520832728
22:32319498:G:A	0.000657579	0.0303513	-3.83203	-2.26458	22	32319498	G	A	0.023538465381817933	1.628221854913726
22:25188269:G:C	0.0171669	0.0020559	2.12227	2.26425	22	25188269	G	C	0.023558742917860608	1.627847886991974
22:34789150:C:T	0.00111147	3.8325e-05	3.36734	2.26411	22	34789150	C	T	0.02356735008751889	1.6276892467954045
22:49723173:CA:C	0.00426609	0.0783731	-2.91078	-2.26384	22	49723173	CA	C	0.023583957335385985	1.6273833194817955
22:46411801:A:G	0.00594121	0.0282873	-1.5605	-2.26383	22	46411801	A	G	0.02358457261361214	1.6273719893878216
22:34498866:A:G	0.000118677	5.2499e-06	3.11819	2.26376	22	34498866	A	G	0.023588879951221643	1.62729267982454
22:30974093:G:A	6.40355e-05	0.00408367	-4.15531	-2.26375	22	30974093	G	A	0.023589495340886987	1.6272813500432899
22:41107422:TA:T	0.000774997	0.000175398	1.4858	2.26315	22	41107422	TA	T	0.023626444223749248	1.6266016347029568
22:49865863:C:CT	0.000292145	7.84752e-05	1.31447	2.26296	22	49865863	C	CT	0.023638155167397732	1.6263864208484438
22:29569179:G:C	1.68646e-05	0.000776718	-3.82986	-2.26269	22	29569179	G	C	0.02365480569874317	1.6260806149081757
22:34727494:C:A	0.0012201	0.0160915	-2.57936	-2.26202	22	34727494	C	A	0.023696167648232992	1.6253218862179997
22:25787311:C:CACACACAG	0.000332772	0.0211657	-4.15268	-2.2615	22	25787311	C	CACACACAG	0.023728312694486678	1.6247331430943817
22:32211187:G:A	0.00739419	0.0025271	1.07362	2.26145	22	32211187	G	A	0.023731405557072968	1.6246765387483848
22:35484616:G:A	0.0605317	0.0209911	1.05907	2.26139	22	35484616	G	A	0.023735117453832815	1.6246086148230066
22:46095131:G:C	0.0760454	0.0142801	1.67246	2.26059	22	46095131	G	C	0.02378465756136283	1.6237030969361586
22:37851783:A:G	0.000115906	0.00238641	-3.02477	-2.2605	22	37851783	A	G	0.023790236432610468	1.6236012418270536
22:44779564:A:ATTTT	0.00216822	0.0211979	-2.27999	-2.26032	22	44779564	A	ATTTT	0.023801397580618243	1.6233975411060824
22:22030441:T:TC	0.030834	0.0110453	1.02661	2.26018	22	22030441	T	TC	0.02381008161353113	1.6232391159665829
22:49257098:T:G	0.00412313	0.0981948	-3.17034	-2.25967	22	49257098	T	G	0.02384173955127608	1.622662060594604
22:19210716:A:G	0.000314707	0.00233378	-2.0036	-2.25965	22	19210716	A	G	0.023842981782656942	1.6226394330435148
22:19210865:T:C	0.000314707	0.00233378	-2.0036	-2.25965	22	19210865	T	C	0.023842981782656942	1.6226394330435148
22:23809084:T:C	0.00356476	0.000164076	3.07852	2.25895	22	23809084	T	C	0.023886495264660742	1.6218475672395192
22:48394776:G:A	0.0120463	0.00386486	1.13683	2.25803	22	48394776	G	A	0.023943789150976554	1.6208071205485275
22:49785269:A:G	0.000491118	0.00478568	-2.2767	-2.25741	22	49785269	A	G	0.02398246743831181	1.6201061365117406
22:17613135:T:C	0.00326813	0.000898524	1.29122	2.25737	22	17613135	T	C	0.023984964671253824	1.6200609168933442
22:17613072:A:G	0.00326811	0.000898524	1.29121	2.25737	22	17613072	A	G	0.023984964671253824	1.6200609168933442
22:46418774:C:T	0.00997228	0.0540987	-1.691	-2.25721	22	46418774	C	T	0.023994955858158747	1.6198800446719936
22:34789853:G:A	0.00111147	3.863e-05	3.35941	2.25716	22	34789853	G	A	0.023998078844145284	1.619823524154325
22:27411137:C:A	0.000898204	0.0268505	-3.39764	-2.25715	22	27411137	C	A	0.02399870348363839	1.6198122201680205
22:29009968:T:G	0.000272878	0.0035234	-2.55816	-2.25677	22	29009968	T	G	0.02402245023422959	1.6193826976435879
22:34198259:T:C	0.000186865	0.00805343	-3.76347	-2.25666	22	34198259	T	C	0.024029328095347583	1.6192583727068186
22:29545039:A:G	0.000273131	1.31514e-05	3.03342	2.25613	22	29545039	A	G	0.02406249082033303	1.61865941882761
22:32320105:A:G	0.000664401	0.0303513	-3.82171	-2.25558	22	32320105	A	G	0.024096946921594357	1.6180379789644967
22:33389847:AAACCAACCA:A	0.00157478	0.0157517	-2.30283	-2.25536	22	33389847	AAACCAACCA	A	0.024110741335785994	1.6177894361139855
22:46096706:A:G	0.0752798	0.0142179	1.66671	2.2553	22	46096706	A	G	0.024114504636815942	1.6177216549822813
22:31506709:C:A	7.50155e-05	0.00232501	-3.43378	-2.25482	22	31506709	C	A	0.02414462938367257	1.6171794565656115
22:31697118:AAAACAAAC:A	0.00254153	5.26819e-05	3.87625	2.25479	22	31697118	AAAACAAAC	A	0.024146513263211603	1.617145572153525
22:37187574:TA:T	0.0231813	0.00196049	2.47015	2.2545	22	37187574	TA	T	0.02416473066986663	1.6168180409655133
22:29997555:C:G	1.30631e-05	0.000389293	-3.39454	-2.25417	22	29997555	C	G	0.02418547531555422	1.6164453730307917
22:35182155:A:C	0.000245823	0.00327623	-2.58984	-2.25358	22	35182155	A	C	0.024222602706054093	1.6157791939696857
22:34721278:C:T	0.000614761	0.00802999	-2.5697	-2.25358	22	34721278	C	T	0.024222602706054093	1.6157791939696857
22:35182135:A:T	0.000245823	0.00327623	-2.58984	-2.25358	22	35182135	A	T	0.024222602706054093	1.6157791939696857
22:49177474:G:A	0.0137383	0.00226694	1.80175	2.25333	22	49177474	G	A	0.024238349548370498	1.615496955728464
22:32628212:C:T	0.00250636	0.0593215	-3.16414	-2.25304	22	32628212	C	T	0.02425662700207957	1.6151695899586638
22:17614351:A:AAAAAATAAA	0.00328034	0.000906089	1.28656	2.25289	22	17614351	A	AAAAAATAAA	0.024266085544562874	1.6150002757285318
22:43242221:G:C	0.0569574	0.0118279	1.57185	2.25277	22	43242221	G	C	0.02427365468027476	1.6148648306732485
22:29801436:A:ACCTCATTGT	3.50874e-05	0.00150561	-3.75911	-2.25272	22	29801436	A	ACCTCATTGT	0.024276809090785608	1.6148083968938758
22:48837057:A:G	0.00164595	0.0155624	-2.24654	-2.25188	22	48837057	A	G	0.024329856340154735	1.613860455428502
22:31915633:A:G	0.00121861	0.0117011	-2.26197	-2.25166	22	31915633	A	G	0.02434376625849672	1.6136122305945333
22:38517456:T:C	0.00738372	0.000195879	3.62954	2.25105	22	38517456	T	C	0.024382370725667627	1.61292406971765
22:49368145:G:A	0.00260388	0.0615012	-3.16205	-2.25081	22	49368145	G	A	0.024397573906146695	1.612653357741527
22:18098899:C:T	0.0220741	0.00465237	1.55703	2.25069	22	18098899	C	T	0.024405178576747923	1.6125180101909273
22:45170246:G:A	0.000296208	0.0126751	-3.75633	-2.25021	22	45170246	G	A	0.024435617805287347	1.6119766762373922
22:48394141:C:A	0.0118583	0.00384111	1.12727	2.24986	22	48394141	C	A	0.024457833812439978	1.6115820102990683
22:17613851:C:T	0.00324338	0.000899321	1.28273	2.2492	22	17613851	C	T	0.02449977448013628	1.610837913287841
22:17613844:G:T	0.00324338	0.000899321	1.28273	2.2492	22	17613844	G	T	0.02449977448013628	1.610837913287841
22:20739229:T:C	6.32684e-05	8.986e-06	1.95172	2.24916	22	20739229	T	C	0.024502318340525575	1.6107928219675645
22:48897756:C:T	0.00225005	0.0211963	-2.24287	-2.24837	22	48897756	C	T	0.024552606501731352	1.609902396444029
22:19481149:G:A	0.000589054	0.0251543	-3.75427	-2.24834	22	19481149	G	A	0.02455451793989916	1.6098685876206196
22:32149165:T:C	0.000472684	0.00321771	-1.918	-2.24773	22	32149165	T	C	0.024593411822815808	1.609181217782738
22:49370167:A:G	0.0401884	0.00346685	2.45033	2.24709	22	49370167	A	G	0.0246342758865205	1.6084601990927598
22:30619733:C:T	0.000169639	0.0106065	-4.13555	-2.24687	22	30619733	C	T	0.024648336487672732	1.608212385863543
22:23817250:G:T	0.000288235	0.00852213	-3.38664	-2.24656	22	23817250	G	T	0.024668160953354713	1.6078632265775898
22:38134600:C:A	0.000300648	0.00790941	-3.26987	-2.24646	22	38134600	C	A	0.02467455888811756	1.607750602555745
22:42576173:C:T	0.000684547	3.33479e-05	3.02176	2.24627	22	42576173	C	T	0.02468671892450582	1.6075366276732455
22:49369311:T:C	0.00107644	0.0672042	-4.13408	-2.24561	22	49369311	T	C	0.024728999396056293	1.6067934560431867
22:33800521:T:C	0.000176021	0.0109872	-4.13388	-2.24544	22	33800521	T	C	0.0247398999741774	1.6066020605981923
22:41621276:C:A	1.47705e-05	0.000972298	-4.18703	-2.24513	22	41621276	C	A	0.024759788214040745	1.6062530744284471
22:34943213:A:G	0.0371998	0.00667747	1.71756	2.24458	22	34943213	A	G	0.024795107882572814	1.6056339977699619
22:29221249:GGGA:G	0.0578799	0.0115998	1.60738	2.24449	22	29221249	GGGA	G	0.02480089161738875	1.6055327055628457
22:34199464:T:C	0.000189454	0.00805343	-3.74971	-2.24422	22	34199464	T	C	0.024818249833330235	1.6052288479189532
22:45216436:T:C	0.00144833	0.0184871	-2.54667	-2.24422	22	45216436	T	C	0.024818249833330235	1.6052288479189532
22:45216434:C:T	0.00144833	0.0184871	-2.54667	-2.24422	22	45216434	C	T	0.024818249833330235	1.6052288479189532
22:35309949:G:C	0.000917421	0.00854512	-2.23155	-2.2436	22	35309949	G	C	0.02485814926763516	1.6045312084688534
22:35183033:T:G	0.000246548	0.00324952	-2.57871	-2.24305	22	35183033	T	G	0.02489359041317577	1.6039124603952004
22:38725247:A:G	0.00143732	0.000332044	1.46527	2.2429	22	38725247	A	G	0.024903263771283813	1.6037437314194674
22:31697882:C:CTA	5.36253e-05	0.00333344	-4.12974	-2.2419	22	31697882	C	CTA	0.024967836051132387	1.6026190960858464
22:23803736:G:A	0.000207281	0.0135902	-4.18303	-2.24167	22	23803736	G	A	0.024982708165968766	1.6023604851858149
22:41213686:C:T	1.08303e-05	0.000154487	-2.65776	-2.24154	22	41213686	C	T	0.024991117536408355	1.6022143229434276
22:25800258:A:G	0.0111648	0.000235199	3.86009	2.24136	22	25800258	A	G	0.025002765326291684	1.602011955346651
22:45170206:C:T	0.000296208	0.0125512	-3.74651	-2.24134	22	45170206	C	T	0.025004059815274905	1.601989470838953
22:42454295:T:C	0.00328197	0.022185	-1.91097	-2.24083	22	42454295	T	C	0.025037088896678845	1.601416168656716
22:17609883:G:A	0.00336763	0.000942479	1.27345	2.24026	22	17609883	G	A	0.025074048448257672	1.6007755393249823
22:32188142:A:G	0.0263389	0.00546535	1.57262	2.24018	22	32188142	A	G	0.025079239531844124	1.600685636586576
22:48859631:A:G	0.0505436	0.0117115	1.46226	2.23994	22	48859631	A	G	0.025094818365539357	1.6004159433622571
22:32193047:T:C	0.022104	0.0045879	1.57233	2.23989	22	32193047	T	C	0.02509806501019564	1.6003597601041513
22:32188764:T:G	0.0261218	0.0054229	1.57214	2.23969	22	32188764	T	G	0.025111055225413997	1.6001350368312688
22:17610124:T:TA	0.00336563	0.000942479	1.27286	2.23969	22	17610124	T	TA	0.025111055225413997	1.6001350368312688
22:17610043:G:T	0.00336563	0.000942479	1.27286	2.23969	22	17610043	G	T	0.025111055225413997	1.6001350368312688
22:32188651:C:T	0.0261093	0.0054229	1.57166	2.2392	22	32188651	C	T	0.025142905854221926	1.5995845308058168
22:32188514:T:A	0.0261093	0.0054229	1.57166	2.2392	22	32188514	T	A	0.025142905854221926	1.5995845308058168
22:32188611:G:A	0.0261093	0.0054229	1.57166	2.2392	22	32188611	G	A	0.025142905854221926	1.5995845308058168
22:28633280:C:CA	7.81134e-06	0.00048382	-4.12614	-2.23882	22	28633280	C	CA	0.025167630413049338	1.599157672293571
22:26090197:T:G	0.00102697	0.0131892	-2.55278	-2.23878	22	26090197	T	G	0.025170234222072173	1.5991127430976366
22:41701458:A:T	2.22278e-06	1.04521e-07	3.05713	2.23875	22	41701458	A	T	0.025172187231865865	1.5990790466105613
22:26047126:A:AT	0.0276962	0.0077638	1.27182	2.2387	22	26047126	A	AT	0.02517544253968859	1.5990228865794858
22:17609640:T:C	0.00336208	0.000942479	1.2718	2.23868	22	17609640	T	C	0.025176744764848782	1.599000422840305
22:48794217:G:GCA	0.00388613	0.0383405	-2.28909	-2.23856	22	48794217	G	GCA	0.025184559340321905	1.5988656436842075
22:29068571:C:T	0.00203775	0.0386738	-2.94331	-2.23846	22	29068571	C	T	0.025191073090307086	1.5987533320146827
22:38887000:T:C	0.00276969	0.0464085	-2.81875	-2.23839	22	38887000	T	C	0.02519563358293403	1.5986747161686068
22:38887014:A:G	0.00276969	0.0464085	-2.81875	-2.23839	22	38887014	A	G	0.02519563358293403	1.5986747161686068
22:49596822:A:G	1.18575e-05	0.000150544	-2.5413	-2.23836	22	49596822	A	G	0.025197588298532338	1.5986410242486713
22:46029325:AAAT:A	0.00199021	0.0107335	-1.68513	-2.23784	22	46029325	AAAT	A	0.025231490898243832	1.59805708678919
22:50133454:TA:T	0.00120739	5.68755e-05	3.05535	2.23707	22	50133454	TA	T	0.025281765339540914	1.5971926040267788
22:25798974:C:T	0.0149161	0.000522775	3.35105	2.23652	22	25798974	C	T	0.025317728713841265	1.596575258026332
22:32188839:T:C	0.0259179	0.00539844	1.56882	2.23631	22	32188839	T	C	0.025331471858909573	1.5963395752457097
22:46416100:T:TTC	0.0457266	0.0150485	1.1114	2.23631	22	46416100	T	TTC	0.025331471858909573	1.5963395752457097
22:38885307:G:A	0.0429906	0.0029625	2.67495	2.23584	22	38885307	G	A	0.025362253722622755	1.5958121571069563
22:17615666:A:G	0.00483018	0.00100665	1.56826	2.23573	22	17615666	A	G	0.02536946266125011	1.5956887312696115
22:45170586:A:G	0.000301286	0.0126751	-3.73934	-2.23485	22	45170586	A	G	0.025427198031698028	1.5947014945791869
22:45170576:C:T	0.000301286	0.0126751	-3.73934	-2.23485	22	45170576	C	T	0.025427198031698028	1.5947014945791869
22:30081600:T:C	1.99068e-05	0.000332285	-2.81493	-2.2345	22	30081600	T	C	0.025450192545207584	1.5943089276295859
22:49724501:C:G	0.00459674	0.0820085	-2.88148	-2.23422	22	49724501	C	G	0.025468601108612047	1.5939949084912306
22:41863094:C:T	0.000208284	0.00371516	-2.88127	-2.23402	22	41863094	C	T	0.02548175713499025	1.593770627839091
22:17610513:T:TA	0.00335076	0.00094399	1.26683	2.23389	22	17610513	T	TA	0.025490311704875025	1.5936248537861457
22:39118683:T:C	0.0315349	0.00531773	1.78005	2.23365	22	39118683	T	C	0.0255061112851345	1.5933557497847155
22:31879956:C:T	2.04242e-05	0.00132656	-4.17362	-2.23354	22	31879956	C	T	0.025513355590570594	1.5932324179629649
22:32492023:C:T	0.00077754	0.0504736	-4.17307	-2.23306	22	32492023	C	T	0.025544987940995332	1.592694297998763
22:26564924:C:T	0.000824997	0.034639	-3.73735	-2.23306	22	26564924	C	T	0.025544987940995332	1.592694297998763
22:38515009:A:G	0.000184109	0.0119438	-4.17244	-2.23252	22	38515009	A	G	0.02558061488634074	1.5920890205088392
22:35894660:C:T	1.04883e-06	6.48329e-06	-1.82156	-2.2323	22	35894660	C	T	0.02559514188649767	1.5918424585985103
22:29570328:C:G	1.74656e-05	0.000776718	-3.79484	-2.23216	22	29570328	C	G	0.025604390056429734	1.5916855653981052
22:38892825:G:C	0.00364499	0.0606895	-2.81242	-2.23193	22	38892825	G	C	0.025619589753894806	1.5914278288866563
22:31318370:G:A	7.42008e-06	0.00017217	-3.14429	-2.23182	22	31318370	G	A	0.025626861933155252	1.591304570895461
22:41617519:C:A	3.10408e-05	0.000621739	-2.99722	-2.23177	22	41617519	C	A	0.025630168059422996	1.5912485460966477
22:29068649:A:G	0.00201185	0.0402948	-2.99717	-2.23172	22	29068649	A	G	0.025633474554636996	1.5911925222733434
22:26105918:C:T	0.018864	0.00394738	1.56421	2.2316	22	26105918	C	T	0.02564141164864832	1.5910580690774716
22:38448059:C:CA	0.0117812	0.00238881	1.59571	2.23159	22	38448059	C	CA	0.025642073169098077	1.591046864898113
22:25787272:GCACACACAC:G	0.0125796	0.000669504	2.93329	2.23157	22	25787272	GCACACACAC	G	0.025643396254285664	1.5910244566564555
22:42648566:G:A	0.000344035	0.00916499	-3.2824	-2.23107	22	42648566	G	A	0.02567649258150295	1.5904643013404385
22:42979695:G:A	0.00208991	0.000149752	2.6359	2.23092	22	42979695	G	A	0.02568642868160844	1.5902962737674282
22:42979694:A:T	0.00208991	0.000149752	2.6359	2.23092	22	42979694	A	T	0.02568642868160844	1.5902962737674282
22:24766957:G:A	0.000267772	0.00778918	-3.37036	-2.23088	22	24766957	G	A	0.025689078869915463	1.590251467897331
22:45700982:A:G	0.000301159	0.0184708	-4.1163	-2.23042	22	45700982	A	G	0.025719573038172405	1.5897362452619992
22:36491642:C:T	0.00113972	0.00702629	-1.81888	-2.23013	22	36491642	C	T	0.025738813708721428	1.5894114734234233
22:36491025:A:G	0.00113972	0.00702629	-1.81888	-2.23013	22	36491025	A	G	0.025738813708721428	1.5894114734234233
22:45170681:T:A	0.000302891	0.0126751	-3.73403	-2.23005	22	45170681	T	A	0.025744123670191063	1.5893218869665906
22:19304867:CA:C	0.0208656	0.00183249	2.43243	2.22994	22	19304867	CA	C	0.02575142641417063	1.5891987096656726
22:40466969:G:GTA	1.23051e-05	0.00014172	-2.44384	-2.22986	22	40466969	G	GTA	0.025756738625942594	1.5891091291393367
22:49909023:T:A	0.000656773	0.000197518	1.20151	2.22941	22	49909023	T	A	0.025786637479796433	1.5886052852051047
22:46018784:A:G	0.00142265	0.0137987	-2.27205	-2.22934	22	46018784	A	G	0.025791291109259797	1.588526916582807
22:17609589:C:T	0.00335375	0.000949918	1.26146	2.22872	22	17609589	C	T	0.025832540684623227	1.587832877951761
22:32212863:C:CCT	0.00737723	0.00260473	1.04107	2.22828	22	32212863	C	CCT	0.025861849175974932	1.5873404253871752
22:48426807:T:C	0.0178902	0.00498256	1.27831	2.22784	22	48426807	T	C	0.025891186416728468	1.5868480483510323
22:48789825:C:CA	0.00445042	0.0434007	-2.27748	-2.22701	22	48789825	C	CA	0.025946605466677524	1.585919451824048
22:45182128:A:AT	0.000492569	0.0217642	-3.78839	-2.22653	22	45182128	A	AT	0.025978701821694303	1.5853825547934388
22:35183353:C:T	0.000250926	0.00324952	-2.5611	-2.22639	22	35183353	C	T	0.025988069722216983	1.5852259767560808
22:27832024:C:G	0.00473786	0.00157768	1.09963	2.22625	22	27832024	C	G	0.025997440543118748	1.5850694063643755
22:38428607:G:A	0.000376631	0.00623531	-2.80672	-2.22612	22	38428607	G	A	0.026006144635236907	1.5849240264180036
22:26091706:A:G	0.00130946	0.0165711	-2.53805	-2.2259	22	26091706	A	G	0.02602088037680096	1.5846780138344407
22:35187901:G:A	0.00209807	0.00045322	1.5324	2.2258	22	35187901	G	A	0.026027580827038307	1.5845661961740098
22:46098271:C:T	0.0683278	0.0190213	1.27876	2.22573	22	46098271	C	T	0.02603227202966225	1.584487926132633
22:21009132:C:A	0.00227473	0.0947283	-3.72915	-2.22565	22	21009132	C	A	0.0260376342991375	1.5843984769971915
22:35183685:A:G	0.00025118	0.00324974	-2.56016	-2.2255	22	35183685	A	G	0.026047691128123544	1.5842307665969
22:48794200:C:T	0.00390255	0.0379924	-2.27576	-2.2253	22	48794200	C	T	0.026061105456808287	1.5840071663820912
22:24765406:C:T	0.000289044	0.00575071	-2.9905	-2.22477	22	24765406	C	T	0.026096682313179905	1.583414701269498
22:29998742:G:GT	1.3587e-05	0.00039268	-3.36388	-2.22464	22	29998742	G	GT	0.026105415120869543	1.5832693963713065
22:35306748:A:AC	0.000405705	0.00524333	-2.55909	-2.22449	22	35306748	A	AC	0.026115494576190293	1.5831017450643436
22:23814948:C:A	0.000111495	0.00716558	-4.16306	-2.22441	22	23814948	C	A	0.02612087166106153	1.583012334622356
22:37533921:A:C	0.0083285	0.0274799	-1.19377	-2.2244	22	37533921	A	C	0.026121543863953385	1.5830011584926256
22:46097972:C:T	0.0678858	0.0189234	1.27743	2.22435	22	46097972	C	T	0.026124905102707614	1.5829452784290343
22:17716477:A:C	9.86863e-05	0.00600916	-4.10909	-2.22426	22	17716477	A	C	0.026130956274587874	1.5828446967718144
22:36704641:C:CG	0.0105407	0.00224721	1.54556	2.22406	22	36704641	C	CG	0.026144407660838278	1.58262119328904
22:24763190:G:A	0.000284059	0.0125145	-3.78546	-2.22398	22	24763190	G	A	0.026149789890926787	1.5825317962643046
22:33099142:G:A	0.00256197	0.0634322	-3.2092	-2.22395	22	33099142	G	A	0.02615180847410535	1.5824982730235795
22:30070729:C:G	0.000237892	1.71707e-05	2.62861	2.22375	22	30070729	C	G	0.026165269137497952	1.5822747937227455
22:46098159:A:G	0.0756843	0.0148018	1.63182	2.22325	22	46098159	A	G	0.026198946997959244	1.5817161637247543
22:44968646:C:CA	0.000271583	0.0112782	-3.72636	-2.22312	22	44968646	C	CA	0.02620770937595204	1.5815709358964827
22:17619068:C:T	0.00522168	0.00148799	1.25539	2.22288	22	17619068	C	T	0.02622389272828607	1.5813028402992286
22:46037562:G:A	0.00766514	0.00232208	1.19422	2.22282	22	46037562	G	A	0.0262279399155978	1.5812358199099836
22:24765528:T:A	0.000289586	0.00575071	-2.98863	-2.22282	22	24765528	T	A	0.0262279399155978	1.5812358199099836
22:33928766:A:G	0.00202232	0.04653	-3.13585	-2.2228	22	33928766	A	G	0.02622928909798912	1.5812134800922397
22:31908193:T:A	0.000260052	0.00327835	-2.53421	-2.22254	22	31908193	T	A	0.02624683392808387	1.5809230766576639
22:24764701:G:A	0.000277941	0.00801294	-3.3614	-2.22226	22	24764701	G	A	0.026265739702184807	1.5806103639812408
22:38126880:A:G	0.000562906	0.0129387	-3.13487	-2.22192	22	38126880	A	G	0.026288712534174037	1.5802306825507426
22:49580043:C:G	0.000480556	0.00447223	-2.2307	-2.22188	22	49580043	C	G	0.026291416361498163	1.580186017111057
22:17601897:G:A	0.00842672	0.00219474	1.34534	2.22185	22	17601897	G	A	0.026293444389696344	1.5801525184407756
22:33933235:A:G	0.00192571	0.0846093	-3.78275	-2.22161	22	33933235	A	G	0.02630967348249986	1.5798845417139356
22:29094577:T:TACAC	0.000413388	0.0171358	-3.72454	-2.22148	22	29094577	T	TACAC	0.02631846785481327	1.5797393970325535
22:44970800:T:C	0.000304118	0.0126018	-3.72418	-2.22116	22	44970800	T	C	0.026340126363512174	1.5793821458949482
22:33937634:A:G	0.0263546	0.00126265	3.03843	2.2211	22	33937634	A	G	0.0263441890480516	1.5793151657523041
22:32316264:T:TA	0.000587192	0.0375852	-4.15901	-2.22091	22	32316264	T	TA	0.02635705778812497	1.5791030712289484
22:24386596:G:GTTA	0.000101925	0.00651968	-4.15835	-2.22034	22	24386596	G	GTTA	0.02639569660408772	1.578466872124121
22:19506257:G:A	0.00405425	0.000857919	1.55301	2.22018	22	19506257	G	A	0.026406551380798903	1.5782883126924956
22:46411363:T:C	0.00614908	0.0277755	-1.50785	-2.22008	22	46411363	T	C	0.02641333757461096	1.5781767181170352
22:42578757:A:G	3.15351e-05	0.000777429	-3.20489	-2.21999	22	42578757	A	G	0.026419446437311082	1.5780762863331417
22:24371634:T:G	5.36984e-06	0.000137418	-3.24223	-2.2197	22	24371634	T	G	0.0264391388549866	1.577752694292977
22:20111365:CT:C	0.00385444	9.95352e-05	3.65647	2.21967	22	20111365	CT	C	0.02644117672526134	1.5777192211260385
22:32316939:C:CTGTGTGTGT	0.000518058	0.0214286	-3.72239	-2.21954	22	32316939	C	CTGTGTGTGT	0.02645000906470836	1.5775741747912853
22:38500974:G:GA	0.000449155	0.00536096	-2.47953	-2.21909	22	38500974	G	GA	0.02648060223309294	1.5770721422106246
22:17610826:G:T	0.00335162	0.000959142	1.25116	2.2188	22	17610826	G	T	0.02650033402480705	1.5767486519418232
22:34943395:C:T	0.0370101	0.00681421	1.69218	2.21855	22	34943395	C	T	0.02651735438349837	1.5764698073397476
22:34943394:A:G	0.0370101	0.00681421	1.69218	2.21855	22	34943394	A	G	0.02651735438349837	1.5764698073397476
22:45877126:C:T	0.0158867	0.00566376	1.03139	2.21843	22	45877126	C	T	0.026525527509477162	1.5763359705867694
22:50139875:C:T	0.000128236	0.00383288	-3.3975	-2.21835	22	50139875	C	T	0.026530977469029354	1.5762467492040417
22:46411337:T:C	0.00614786	0.027712	-1.50576	-2.21834	22	46411337	T	C	0.02653165878198238	1.5762355967066588
22:26483857:C:A	0.00137853	7.43584e-05	2.91987	2.21783	22	26483857	C	A	0.02656642578966319	1.5756668710410286
22:29447943:T:C	0.00515327	0.000187362	3.31434	2.21759	22	29447943	T	C	0.02658280034715987	1.5753992705242834
22:33099542:G:A	0.0025604	0.0629509	-3.20219	-2.21751	22	33099542	G	A	0.02658826046996793	1.5753100753426206
22:39563865:GTGTC:G	0.0167656	0.00198178	2.13533	2.21739	22	39563865	GTGTC	G	0.026596452470565458	1.5751762872487611
22:42983486:T:C	0.00167551	0.000121772	2.62172	2.21698	22	42983486	T	C	0.026624458257704844	1.5747192202887186
22:45177163:G:C	0.00060013	0.0382314	-4.15427	-2.21681	22	45177163	G	C	0.026636077881422575	1.5745297239408305
22:49584927:T:C	0.000324925	0.0030074	-2.22524	-2.21668	22	49584927	T	C	0.02664496643116876	1.5743848225714032
22:20876257:CT:C	0.000340165	1.71627e-05	2.98669	2.21662	22	20876257	CT	C	0.026649069702736696	1.574317947238533
22:29681736:T:C	0.000166315	0.00726329	-3.77671	-2.21635	22	29681736	T	C	0.026667541179406014	1.5740170256091077
22:21007567:A:C	0.00227727	0.0938429	-3.71864	-2.21616	22	21007567	A	C	0.026680546253716624	1.5738052829808906
22:34943370:T:C	0.0369138	0.00681421	1.68957	2.21588	22	34943370	T	C	0.026699721610295296	1.573493266865495
22:20741432:C:A	6.42892e-06	0.000146713	-3.12767	-2.2154	22	20741432	C	A	0.02673262134137879	1.5729584532046295
22:33440805:T:C	0.00239374	0.0217132	-2.20506	-2.21527	22	33440805	T	C	0.026741537707868943	1.5728136232953787
22:41699707:G:C	1.04577e-07	6.64934e-06	-4.15235	-2.21515	22	41699707	G	C	0.02674977047942376	1.572679939995926
22:41700111:C:A	1.04577e-07	6.64934e-06	-4.15235	-2.21515	22	41700111	C	A	0.02674977047942376	1.572679939995926
22:41699908:C:A	1.04577e-07	6.64934e-06	-4.15235	-2.21515	22	41699908	C	A	0.02674977047942376	1.572679939995926
22:41700098:C:T	1.04577e-07	6.64934e-06	-4.15235	-2.21515	22	41700098	C	T	0.02674977047942376	1.572679939995926
22:42968789:G:C	0.00373269	0.000231753	2.77921	2.21492	22	42968789	G	C	0.02676555607638058	1.5724237293627503
22:29455689:AT:A	0.000121753	0.00530776	-3.77493	-2.21479	22	29455689	AT	A	0.02677448192819989	1.5722789237790489
22:30643603:C:T	0.000181891	0.00792864	-3.77483	-2.21471	22	30643603	C	T	0.026779976037609274	1.572189815925157
22:33440247:T:C	0.00239171	0.0216816	-2.20446	-2.21462	22	33440247	T	C	0.026786158074356314	1.5720895725716804
22:17611123:C:CAT	0.00335938	0.000881836	1.3375	2.21426	22	17611123	C	CAT	0.026810898546304075	1.571688630733184
22:48827484:T:C	0.00192695	0.0177828	-2.22229	-2.21387	22	48827484	T	C	0.026837722988633638	1.5712543340850553
22:17719156:C:CA	0.000131814	0.00836794	-4.15077	-2.21379	22	17719156	C	CA	0.026843228301758403	1.5711652549215105
22:33440590:C:T	0.00239374	0.021679	-2.20349	-2.21359	22	33440590	C	T	0.026856995850911194	1.5709425679271176
22:41629053:A:G	1.31803e-05	0.000300647	-3.12721	-2.21357	22	41629053	A	G	0.026858372941098066	1.5709203000852383
22:32317293:A:T	0.00056847	0.0247414	-3.77328	-2.21336	22	32317293	A	T	0.026872836069356976	1.570686497159107
22:49413847:G:A	0.0524881	0.00705774	2.00646	2.21324	22	49413847	G	A	0.026881103732903013	1.5705529032049597
22:30923661:C:G	8.78757e-05	0.00360915	-3.71531	-2.21314	22	30923661	C	G	0.02688799513007408	1.5704415791975401
22:29467615:GTGCCCAGAC:G	0.0073715	0.000503171	2.68445	2.21297	22	29467615	GTGCCCAGAC	G	0.026899714006044483	1.5702523373305661
22:38892997:G:A	0.00371418	0.0606979	-2.79375	-2.2129	22	38892997	G	A	0.02690454070714858	1.5701744174830707
22:20918430:GT:G	4.60355e-05	0.0011258	-3.19684	-2.2126	22	20918430	GT	G	0.02692523503933524	1.5698404969124025
22:23806922:C:CA	0.000186469	0.00765335	-3.71463	-2.21253	22	23806922	C	CA	0.02693006569376209	1.5697625871602099
22:39331065:CA:C	0.00925347	0.00109946	2.13018	2.21252	22	39331065	CA	C	0.026930755848328342	1.5697514573515208
22:41800680:G:C	2.07049e-05	0.000590842	-3.35118	-2.21241	22	41800680	G	C	0.026938348556434476	1.569629032028454
22:26700930:T:A	0.000206934	0.00470689	-3.12438	-2.21241	22	26700930	T	A	0.026938348556434476	1.569629032028454
22:17865673:T:C	0.0247307	0.00699065	1.26347	2.21214	22	17865673	T	C	0.026956993039354997	1.5693285535034618
22:22901301:C:A	0.000867095	0.0141552	-2.79269	-2.21182	22	22901301	C	A	0.026979104629224846	1.5689724676010828
22:33439531:A:T	0.00229872	0.0220753	-2.26211	-2.21173	22	33439531	A	T	0.026985326334279212	1.5688723256321278
22:27415908:GCA:G	0.0362078	0.000944239	3.64665	2.2117	22	27415908	GCA	G	0.026987400511196375	1.5688389456773726
22:49927295:C:T	0.0111657	0.00406736	1.00985	2.21161	22	49927295	C	T	0.026993623867746522	1.5687388079177906
22:33799353:C:G	0.000183147	0.0109872	-4.0942	-2.21154	22	33799353	C	G	0.026998465112653743	1.568660925176297
22:43863901:A:G	0.00104954	0.000141373	2.00471	2.21152	22	43863901	A	G	0.026999848463147336	1.56863867331522
22:47828811:G:A	0.0310105	0.00368969	2.12878	2.2112	22	47828811	G	A	0.027021990394009272	1.5682826647403942
22:46385778:C:T	0.0152121	0.00515578	1.08197	2.21116	22	46385778	C	T	0.027024759237181253	1.5682381664747223
22:49584805:T:C	0.000191588	0.00354274	-2.91731	-2.21095	22	49584805	T	C	0.027039299682208036	1.5680045608106998
22:43840920:GC:G	0.00429353	0.000207927	3.02768	2.21095	22	43840920	GC	G	0.027039299682208036	1.5680045608106998
22:49609584:A:C	8.47611e-05	0.00508135	-4.09349	-2.21093	22	49609584	A	C	0.027040684838638144	1.5679823135486257
22:22014399:G:A	0.0112319	0.0675902	-1.79471	-2.21048	22	22014399	G	A	0.02707186705563914	1.5674817913665466
22:30912998:TA:T	0.00527851	0.000286822	2.91254	2.21032	22	30912998	TA	T	0.027082961543398686	1.5673038469429164
22:36909465:C:T	0.0453907	0.00510611	2.18487	2.21024	22	36909465	C	T	0.027088510258811753	1.5672148784724724
22:49784434:A:G	0.000676675	0.00443387	-1.87984	-2.2102	22	49784434	A	G	0.027091284984461988	1.5671703951725877
22:38138739:A:G	0.00037573	0.0111388	-3.38932	-2.21013	22	38138739	A	G	0.027096141344658608	1.5670925508982219
22:48823011:T:G	0.00250903	0.0102436	-1.40676	-2.20994	22	48823011	T	G	0.02710932668160481	1.566881268922465
22:49256841:A:AG	0.0039164	0.107854	-3.3156	-2.20961	22	49256841	A	AG	0.027132240692297638	1.566514338928516
22:30650460:C:T	0.000541098	0.0160304	-3.38864	-2.20945	22	30650460	C	T	0.027143356531610367	1.5663364487535698
22:46497969:CCAGG:C	0.0263843	0.00564239	1.54246	2.20942	22	46497969	CCAGG	C	0.027145441188998573	1.5663030954564323
22:36407427:AAATAAT:A	0.00937181	0.00265619	1.26081	2.20933	22	36407427	AAATAAT	A	0.027151695990278907	1.5662030376694263
22:27818765:G:GTCTTAGCTA	0.00981268	0.00372996	0.967278	2.2089	22	27818765	G	GTCTTAGCTA	0.027181597212135308	1.565725027366719
22:33066655:T:G	0.000796052	0.0167774	-3.04812	-2.20883	22	33066655	T	G	0.027186467541645734	1.5656472185557315
22:31104550:G:A	0.000775068	0.0126151	-2.7897	-2.20876	22	31104550	G	A	0.02719133862425547	1.5655694116542356
22:25798491:C:T	0.000526601	0.0155852	-3.38763	-2.20843	22	25798491	C	T	0.02721431244599346	1.5652026334094835
22:43180250:T:G	0.00334954	0.0378279	-2.42422	-2.20819	22	43180250	T	G	0.02723103119946852	1.564935912249488
22:33930410:T:C	0.00209055	0.0474333	-3.1219	-2.20788	22	33930410	T	C	0.027252639373699945	1.5645914306378046
22:44970904:C:T	0.000308878	0.0126018	-3.70865	-2.20713	22	44970904	C	T	0.027304978425571846	1.5637581622765353
22:17612127:G:A	0.00330987	0.000959142	1.23862	2.20673	22	17612127	G	A	0.027332928034504208	1.5633138421048494
22:20713737:C:A	4.77682e-05	0.00284926	-4.08845	-2.20663	22	20713737	C	A	0.027339919292590283	1.5632027718031059
22:20713696:G:T	4.77682e-05	0.00284926	-4.08845	-2.20663	22	20713696	G	T	0.027339919292590283	1.5632027718031059
22:20713842:C:T	4.77682e-05	0.00284926	-4.08845	-2.20663	22	20713842	C	T	0.027339919292590283	1.5632027718031059
22:38893797:A:G	0.0610968	0.00435689	2.6407	2.20624	22	38893797	A	G	0.027367199943864606	1.5627696348564493
22:35085783:T:C	0.000925581	0.0104344	-2.42244	-2.20622	22	35085783	T	C	0.0273685995844998	1.5627474243028487
22:33295761:C:T	0.047421	0.0146335	1.17575	2.20613	22	33295761	C	T	0.027374898731665306	1.5626474787403293
22:34782285:ATTTTTTTTT:A	0.00356949	9.94004e-05	3.58102	2.20604	22	34782285	ATTTTTTTTT	A	0.027381199129661388	1.5625475363338233
22:29572273:C:CG	2.16399e-05	0.000525315	-3.18946	-2.20582	22	29572273	C	CG	0.02739660536961357	1.5623032459598045
22:21659371:TAAA:T	0.0159564	0.000419169	3.63934	2.20576	22	21659371	TAAA	T	0.027400808369160003	1.5622366245851995
22:47720217:G:A	0.00049243	0.0062383	-2.53911	-2.20558	22	47720217	G	A	0.02741342070574512	1.5620367688772228
22:48803620:T:C	0.0435745	0.00607715	1.96994	2.20551	22	48803620	T	C	0.027418326855727992	1.5619590506221825
22:33093717:G:T	0.00161938	0.101807	-4.14103	-2.20538	22	33093717	G	T	0.027427440286883372	1.5618147217849865
22:29696824:G:GT	0.0122141	0.000624598	2.97324	2.20525	22	29696824	G	GT	0.027436556331228584	1.5616703995322747
22:41218992:A:G	1.22758e-05	0.000257706	-3.04419	-2.20494	22	41218992	A	G	0.02745830513986696	1.561326273039532
22:41219024:T:C	1.22758e-05	0.000257706	-3.04419	-2.20494	22	41219024	T	C	0.02745830513986696	1.561326273039532
22:45562793:G:A	0.0368915	0.0140907	0.962467	2.20474	22	45562793	G	A	0.027472344520842115	1.5611042758173157
22:24767009:T:A	0.000269676	0.0076334	-3.34307	-2.20461	22	24767009	T	A	0.02748147343880139	1.5609599859798073
22:24766611:C:T	0.000269701	0.00763367	-3.34301	-2.20455	22	24766611	C	T	0.02748568766807695	1.5608933928908946
22:24767056:G:A	0.000269741	0.0076334	-3.34283	-2.20438	22	24767056	G	A	0.027497631011900014	1.5607047200888908
22:29009754:G:C	0.000189485	0.00106165	-1.72327	-2.20426	22	29009754	G	C	0.02750606430268042	1.5605715460663832
22:24767374:A:T	0.000265219	0.0075031	-3.34252	-2.20408	22	24767374	A	T	0.02751871842211301	1.5603717955515184
22:43656813:G:GGAGGCTATA	0.000181582	0.00314334	-2.85133	-2.20377	22	43656813	G	GGAGGCTATA	0.02754052339935235	1.5600278103648406
22:42984542:G:C	0.00125301	9.23e-05	2.60826	2.20374	22	42984542	G	C	0.027542634349132865	1.5599945234626666
22:36706211:T:C	0.00942588	0.00205169	1.52479	2.20139	22	36706211	T	C	0.027708426325996013	1.5573881388638702
22:17612404:C:T	0.00329085	0.000959142	1.23286	2.20118	22	17612404	C	T	0.02772328358190816	1.5571553326082415
22:25041667:A:G	0.00252006	0.0499591	-2.98692	-2.20101	22	25041667	A	G	0.027735315915467657	1.5569668829828034
22:21899707:C:G	0.00405972	0.000868776	1.54178	2.20019	22	21899707	C	G	0.027793417498796356	1.5560580487744013
22:30616969:CAG:C	0.0065582	0.000243249	3.29439	2.20008	22	30616969	CAG	C	0.027801219591600843	1.5559361519134138
22:30405068:C:CA	0.000107584	0.00293485	-3.30615	-2.19998	22	30405068	C	CA	0.027808314041929065	1.5558253406749416
22:29867037:A:AAAAATAAAA	7.73552e-05	0.00141551	-2.90684	-2.19987	22	29867037	A	AAAAATAAAA	0.02781611974018233	1.5557034528112619
22:33799185:G:A	0.000185733	0.0109872	-4.08018	-2.19955	22	33799185	G	A	0.027838837968628176	1.5553488967319178
22:31226599:A:ATATTATTAT	4.54636e-05	0.00102348	-3.11405	-2.19949	22	31226599	A	ATATTATTAT	0.027843099416996045	1.555282421907169
22:31909985:T:C	0.000313578	0.00384989	-2.50775	-2.1994	22	31909985	T	C	0.027849492644099805	1.555182712299045
22:39316329:T:C	5.62966e-05	0.00117513	-3.0385	-2.19934	22	39316329	T	C	0.02785375549862281	1.5551162409796213
22:38893743:T:TA	0.0605986	0.00435689	2.63251	2.19916	22	38893743	T	TA	0.02786654743781801	1.554916835434061
22:17440322:G:A	0.00111207	0.0312925	-3.33716	-2.19892	22	17440322	G	A	0.027883611235404893	1.5546509810027882
22:46455422:G:A	0.101154	0.0295517	1.2305	2.19891	22	46455422	G	A	0.027884322422423155	1.5546399042216565
22:25783075:T:A	0.0150935	0.00283299	1.67293	2.19882	22	25783075	T	A	0.027890723809354236	1.554540214944077
22:47688571:CTT:C	0.000700055	0.00453273	-1.86792	-2.19849	22	47688571	CTT	C	0.02791420640215287	1.5541747145828537
22:17440207:C:CTG	0.00111207	0.0312775	-3.33668	-2.19846	22	17440207	C	CTG	0.027916342028268672	1.5541414893803784
22:46468568:G:A	0.0455323	0.00621572	1.99134	2.19844	22	46468568	G	A	0.027917765857266096	1.554119339440125
22:41219828:A:G	1.23617e-05	0.000257706	-3.03721	-2.19807	22	41219828	A	G	0.02794411798847058	1.553709593644618
22:38601264:C:G	1.92891e-06	2.09152e-05	-2.38352	-2.19769	22	38601264	C	G	0.02797120465714253	1.553288829134965
22:45563559:A:G	0.0365873	0.0140907	0.954185	2.19759	22	45563559	A	G	0.0279783364884737	1.553178110979057
22:45171186:T:C	0.000323694	0.00909215	-3.33537	-2.19719	22	45171186	T	C	0.02800687949109352	1.5527352772990624
22:30506701:T:C	0.000233748	0.00942401	-3.69677	-2.19639	22	30506701	T	C	0.02806404080418443	1.5518497968638236
22:17632846:C:T	0.0119453	0.004404	0.997828	2.19592	22	17632846	C	T	0.028097669945267804	1.5513296933287175
22:49366744:G:A	0.00185479	0.0747282	-3.69609	-2.19578	22	49366744	G	A	0.028107693847476575	1.5511747854989733
22:38609057:A:T	7.9991e-07	9.2891e-06	-2.4521	-2.19538	22	38609057	A	T	0.02813635055260668	1.5507322337544387
22:39313771:T:C	5.83065e-05	0.0012121	-3.03439	-2.19528	22	39313771	T	C	0.028143518661954033	1.550621605553076
22:38893941:C:T	0.0610968	0.00441431	2.62761	2.19492	22	38893941	C	T	0.02816933688841347	1.5502233762691968
22:38894133:A:T	0.0610968	0.00441431	2.62761	2.19492	22	38894133	A	T	0.02816933688841347	1.5502233762691968
22:20124153:C:T	0.000186565	0.0109763	-4.07472	-2.19489	22	20124153	C	T	0.028171489328343048	1.550190192773417
22:39156504:T:C	0.0230598	0.00296238	2.0521	2.19476	22	39156504	T	C	0.02818081820596796	1.5500464016745557
22:39314239:G:A	5.73445e-05	0.00119083	-3.03333	-2.19423	22	39314239	G	A	0.028218878879033855	1.5494602445264296
22:41862045:G:A	0.000216678	0.00371516	-2.84176	-2.1941	22	41862045	G	A	0.028228221278084085	1.5493164868353877
22:38436753:T:A	0.000340731	0.0200264	-4.07371	-2.19403	22	38436753	T	A	0.028233252904515605	1.5492390815734234
22:36392958:A:G	0.0107868	0.00337399	1.16223	2.19392	22	36392958	A	G	0.028241161307513217	1.5491174485878352
22:29792622:T:C	9.055e-05	0.00561528	-4.12734	-2.19355	22	29792622	T	C	0.028267776309722336	1.548708354029086
22:27407576:A:C	0.0924672	0.00206378	3.80231	2.19334	22	27407576	A	C	0.028282891734049142	1.548476188936783
22:44859847:G:C	0.000298516	0.00835025	-3.33122	-2.1932	22	44859847	G	C	0.02829297255221529	1.5483214217474808
22:27393673:G:T	0.0032573	0.0779857	-3.17563	-2.19311	22	27393673	G	T	0.02829945471288818	1.5482219325840219
22:26556542:A:G	0.0012168	0.0221224	-2.90037	-2.19302	22	26556542	A	G	0.028305938153135535	1.548122446574194
22:46322520:A:T	0.000832833	0.00364049	-1.47504	-2.19281	22	46322520	A	T	0.02832107115762632	1.5478903248152873
22:27411488:C:T	0.000894161	0.0524692	-4.0721	-2.19265	22	27411488	C	T	0.02833260574408757	1.5477134816660223
22:34217696:A:C	0.000427389	0.00731744	-2.84032	-2.19264	22	34217696	A	C	0.028333326790113408	1.5477024293001216
22:20696031:G:A	0.00417214	0.000506535	2.10859	2.19209	22	20696031	G	A	0.028373008676725205	1.5470946091312396
22:42588577:A:C	2.22542e-05	0.000494915	-3.10185	-2.19199	22	42588577	A	C	0.028380228707058083	1.5469841090260756
22:34792803:C:T	0.0023657	8.8608e-05	3.28461	2.19149	22	34792803	C	T	0.028416352606171532	1.5464316668965492
22:22934849:GCCTGTGTGG:G	0.0280221	0.00807719	1.24395	2.19149	22	22934849	GCCTGTGTGG	G	0.028416352606171532	1.5464316668965492
22:24764818:T:C	0.00029846	0.00574902	-2.95815	-2.19105	22	24764818	T	C	0.028448174396910695	1.5459455983299655
22:21975710:T:C	0.000599616	0.00666689	-2.40862	-2.19096	22	21975710	T	C	0.028454687179929748	1.5458461844987106
22:48940855:G:A	0.000947932	0.0264505	-3.32875	-2.19082	22	48940855	G	A	0.02846482072867241	1.545691547028738
22:21987798:G:A	0.00511513	0.0453487	-2.18218	-2.1908	22	21987798	G	A	0.028466268632237345	1.5456694565844562
22:29094627:C:CT	0.000540246	0.0150675	-3.32827	-2.19036	22	29094627	C	CT	0.0284981385655743	1.5451835062055501
22:19491221:G:C	0.000303897	0.00519132	-2.83805	-2.19035	22	19491221	G	C	0.02849886323929005	1.5451724627546322
22:19491093:C:G	0.000303897	0.00519132	-2.83805	-2.19035	22	19491093	C	G	0.02849886323929005	1.5451724627546322
22:38894649:A:AGTGGCG	0.0610968	0.00443945	2.62193	2.19001	22	38894649	A	AGTGGCG	0.02852351159190094	1.5447970085850957
22:19585886:G:C	0.00312174	0.0423242	-2.60697	-2.18946	22	19585886	G	C	0.02856342280395575	1.54418975152465
22:31367738:A:G	2.12329e-05	0.00131028	-4.12244	-2.18931	22	31367738	A	G	0.028574316024266664	1.5440241563987132
22:39206378:CT:C	0.0117696	0.00173728	1.9132	2.18906	22	39206378	CT	C	0.02859247934276156	1.543748183984651
22:43963117:A:G	0.000694174	0.013339	-2.95573	-2.18852	22	43963117	A	G	0.02863174604941634	1.5431521665957786
22:47076388:C:T	0.00147969	0.0267866	-2.89607	-2.18847	22	47076388	C	T	0.02863538420363648	1.5430969855417511
22:27393978:A:T	0.00327386	0.0779857	-3.17055	-2.18845	22	27393978	A	T	0.028636839576796604	1.5430749133926023
22:27415554:C:G	0.00161686	0.0436106	-3.29481	-2.18843	22	27415554	C	G	0.028638295013658353	1.5430528413991456
22:19248566:G:C	0.00321619	9.13207e-05	3.56158	2.18799	22	19248566	G	C	0.028670330745592294	1.5425672969329327
22:32321613:C:A	0.000710458	0.04376	-4.12057	-2.18769	22	32321613	C	A	0.028692190979947248	1.5422362870914028
22:38890906:GA:G	0.00301998	0.0481314	-2.76868	-2.18733	22	38890906	GA	G	0.028718442206117505	1.541839121520121
22:33798758:C:T	0.000214978	0.00443304	-3.0263	-2.18731	22	33798758	C	T	0.028719901213792205	1.5418170582451522
22:27823554:T:G	0.00214351	0.0387552	-2.89482	-2.18716	22	27823554	T	G	0.028730845806004563	1.5416515886452402
22:29093150:A:C	0.000155498	0.00905913	-4.06489	-2.18649	22	29093150	A	C	0.02877977550923865	1.5409125980116143
22:27891477:A:G	0.000142214	0.00314301	-3.0956	-2.18632	22	27891477	A	G	0.028792201914647313	1.5407251207136592
22:30404379:A:G	0.000191799	0.00426471	-3.10168	-2.18627	22	30404379	A	G	0.028795857618837937	1.5406699824724177
22:26499095:G:A	8.63106e-05	0.00344072	-3.68548	-2.18619	22	26499095	G	A	0.02880170757680786	1.5405817633101733
22:38894623:C:T	0.060725	0.00443642	2.61651	2.18533	22	38894623	C	T	0.028864659276715207	1.5396335646200807
22:48426578:T:C	0.0179851	0.00521621	1.23777	2.18495	22	48426578	T	C	0.028892512856968526	1.539214684792826
22:32187451:T:C	0.0283898	0.00622068	1.51815	2.18463	22	32187451	T	C	0.028915986447621236	1.5388619874706726
22:38889193:CT:C	0.00294904	0.0468681	-2.76586	-2.18445	22	38889193	CT	C	0.028929197555709357	1.5386636127384934
22:19117760:T:C	0.000682829	0.0197225	-3.36327	-2.18394	22	19117760	T	C	0.028966657249209507	1.5381016194660595
22:25787450:T:C	0.000512612	0.0137648	-3.29035	-2.18389	22	25787450	T	C	0.02897033201459361	1.538046527534255
22:31503584:GT:G	0.00197064	0.000144211	2.61484	2.18388	22	31503584	GT	G	0.02897106701582366	1.538035509264632
22:24763458:G:T	0.000315097	0.00698802	-3.09907	-2.18348	22	24763458	G	T	0.0290004802303894	1.537594810387895
22:49413061:C:T	0.0515826	0.00715057	1.97599	2.18342	22	49413061	C	T	0.029004894428807843	1.5375287109262459
22:49412951:T:G	0.0515826	0.00715057	1.97599	2.18342	22	49412951	T	G	0.029004894428807843	1.5375287109262459
22:49413214:G:A	0.0515826	0.00715057	1.97599	2.18342	22	49413214	G	A	0.029004894428807843	1.5375287109262459
22:17440788:A:C	0.00113096	0.0312925	-3.32031	-2.1827	22	17440788	A	C	0.02905790993597971	1.536735626648957
22:49413257:G:A	0.0515421	0.00715057	1.97521	2.18266	22	49413257	G	A	0.029060857685811844	1.5366915723257284
22:39352849:A:G	0.00934401	0.00271139	1.23728	2.18249	22	39352849	A	G	0.029073388494082017	1.5365043483974103
22:17273986:T:C	0.0490948	0.0142626	1.23612	2.18128	22	17273986	T	C	0.029162712782596713	1.5351720794036614
22:38441174:C:T	0.000481114	0.0190697	-3.67975	-2.18102	22	38441174	C	T	0.02918193722723894	1.534885881079513
22:45030899:G:T	0.00416516	0.0852832	-3.01922	-2.18032	22	45030899	G	T	0.029233749561528546	1.5341154778534558
22:46422119:T:C	0.0589067	0.0166262	1.26498	2.1798	22	46422119	T	C	0.029272289948334272	1.5335433017197968
22:22015892:A:G	0.0110058	0.0637626	-1.75675	-2.17963	22	22015892	A	G	0.02928489916903937	1.533356266954621
22:22934255:C:T	0.0279092	0.00813631	1.23262	2.1795	22	22934255	C	T	0.029294544667307923	1.533213247955574
22:39741695:A:C	0.00502011	0.000187668	3.28653	2.17902	22	39741695	A	C	0.029330182497284567	1.5326852347583817
22:36489605:T:C	0.00113972	0.00659757	-1.75592	-2.17896	22	36489605	T	C	0.029334639847645838	1.5326192394108409
22:19371259:T:C	0.000260346	9.73973e-06	3.2858	2.17837	22	19371259	T	C	0.029378501510168423	1.5319703597527692
22:29825212:G:A	0.000128416	0.00368847	-3.35769	-2.17833	22	29825212	G	A	0.029381477223365815	1.5319263728130081
22:46391935:A:G	0.00240424	0.0130719	-1.69323	-2.17789	22	46391935	A	G	0.029414227185910923	1.5314425575537216
22:25700626:T:C	0.00210837	0.00661581	-1.14355	-2.1778	22	25700626	T	C	0.029420929909146833	1.5313436046190683
22:32213368:A:G	0.00702046	0.00260473	0.9915	2.17779	22	32213368	A	G	0.02942167473727279	1.5313326100430453
22:28789696:TAAAA:T	0.00130785	4.89945e-05	3.28443	2.17715	22	28789696	TAAAA	T	0.029469377489127806	1.5306290380860152
22:35290633:C:CA	7.76958e-05	0.00306642	-3.67546	-2.17714	22	35290633	C	CA	0.02947012337219672	1.5306180460383645
22:25701001:T:C	0.00210837	0.00660899	-1.14252	-2.17684	22	25701001	T	C	0.029492507416697542	1.5302883026959686
22:35194713:G:A	0.00240934	0.000462135	1.65125	2.17659	22	35194713	G	A	0.02951117195692774	1.5300135433187347
22:17614325:A:G	0.00328843	0.000897497	1.29856	2.17656	22	17614325	A	G	0.02951341238435599	1.529980573827106
22:17614291:A:G	0.00328843	0.000897497	1.29856	2.17656	22	17614291	A	G	0.02951341238435599	1.529980573827106
22:34513971:A:G	2.09497e-05	0.000280223	-2.59346	-2.17561	22	34513971	A	G	0.02958443496109975	1.5289367209828737
22:19111859:TA:T	0.00827978	0.00031586	3.26627	2.1754	22	19111859	TA	T	0.02960015451144214	1.5287060219379678
22:47718071:C:T	0.000537635	0.00659656	-2.50712	-2.17532	22	47718071	C	T	0.029606144800802644	1.5286181410991595
22:26483331:G:C	6.3991e-05	0.00183154	-3.35417	-2.1748	22	26483331	G	C	0.02964510710030497	1.5280469763196098
22:25994406:T:C	0.0246697	0.00474207	1.6491	2.17438	22	25994406	T	C	0.029676608833046556	1.5275857276935105
22:25917549:G:GGGGTGTGT	0.00106743	0.0292666	-3.31119	-2.17391	22	25917549	G	GGGGTGTGT	0.029711894898366124	1.5270696498569996
22:34711932:T:G	0.0025636	0.00076901	1.20406	2.17346	22	34711932	T	G	0.02974571323035295	1.5265756132815265
22:42461279:A:G	0.00276879	0.0329907	-2.47782	-2.17323	22	42461279	A	G	0.02976301093338494	1.5263231361096985
22:24941819:A:C	0.000760147	0.0460247	-4.10342	-2.17288	22	24941819	A	C	0.029789350119702507	1.525938971189311
22:46364189:C:T	0.014229	0.00504538	1.03681	2.17257	22	46364189	C	T	0.02981269584734244	1.5255987506131865
22:34714332:A:G	0.00329471	0.000681009	1.5765	2.17243	22	34714332	A	G	0.02982324423424502	1.5254451148604413
22:35311243:G:A	0.00904152	0.00130709	1.93402	2.17193	22	35311243	G	A	0.029860943243270405	1.52489647796138
22:34273180:G:A	0.000434805	0.00519414	-2.48039	-2.17185	22	34273180	G	A	0.029866978885081063	1.5248087050789951
22:17614430:G:A	0.00328843	0.000902057	1.29349	2.17165	22	17614430	G	A	0.029882072578298384	1.5245892837608415
22:40653314:G:GT	0.0046272	0.00135675	1.22686	2.17163	22	40653314	G	GT	0.029883582308221822	1.5245673424844914
22:31791881:A:C	0.000266048	0.000828469	-1.1359	-2.17071	22	31791881	A	C	0.029953100805422173	1.52355821190648
22:32386131:G:T	0.000234892	0.013433	-4.04634	-2.17064	22	32386131	G	T	0.029958395942740784	1.5234814437050763
22:21698262:CA:C	0.0118786	0.000272626	3.77439	2.17013	22	21698262	CA	C	0.0299969990931197	1.5229221900298953
22:44253835:C:CTGTGTGTGT	0.00118943	0.0717533	-4.09976	-2.16971	22	44253835	C	CTGTGTGTGT	0.03002882201941448	1.522461704114784
22:20547519:C:A	0.00224135	0.0611749	-3.30666	-2.16955	22	20547519	C	A	0.03004095266929829	1.5222862989495292
22:46429146:T:C	0.0118052	0.0635362	-1.68307	-2.16897	22	46429146	T	C	0.03008496158878749	1.521650538660884
22:48396938:G:A	0.00371004	0.0157501	-1.44581	-2.16851	22	48396938	G	A	0.03011990460322569	1.5211464079812402
22:36496592:G:A	0.00830692	0.00267261	1.13403	2.16844	22	36496592	G	A	0.03012522507499228	1.521069699654851
22:47717463:A:G	0.000552464	0.00672723	-2.49953	-2.16813	22	47717463	A	G	0.0301487968739727	1.5207300142508708
22:19304076:AT:A	0.0220083	0.00206284	2.36733	2.16759	22	19304076	AT	A	0.03018989528016867	1.5201383934135955
22:39321099:A:C	5.22626e-05	0.00056876	-2.38718	-2.16728	22	39321099	A	C	0.030213510554498203	1.519798810447676
22:34703277:C:A	0.000272065	0.00321865	-2.47068	-2.16699	22	34703277	C	A	0.030235616631079855	1.519481169881107
22:38894706:G:A	0.0599916	0.00447842	2.59493	2.16668	22	38894706	G	A	0.030259262631873837	1.519141659221295
22:34791704:A:G	0.00214191	8.25359e-05	3.25622	2.16657	22	34791704	A	G	0.03026765696684129	1.5190211966765907
22:46455349:T:C	0.100412	0.0303379	1.19688	2.16654	22	46455349	T	C	0.03026994667815364	1.518988344071641
22:36911324:A:G	0.00438672	0.0521295	-2.47515	-2.16613	22	36911324	A	G	0.030301254318453878	1.5185393935337312
22:31769046:G:T	1.24756e-06	2.72203e-05	-3.08277	-2.16606	22	31769046	G	T	0.030306602304850737	1.5184627499724217
22:33779787:CAAAAAAATT:C	0.00623903	0.000477631	2.56974	2.16586	22	33779787	CAAAAAAATT	C	0.030321886734790696	1.5182437788640293
22:17607240:A:G	0.000782682	0.00391066	-1.60874	-2.16572	22	17607240	A	G	0.030332589775836	1.5180905083395366
22:34703143:G:A	0.000272533	0.00321865	-2.46896	-2.16549	22	34703143	G	A	0.030350180389696325	1.517838723303159
22:47699134:G:A	0.00242262	0.000668842	1.28705	2.16542	22	47699134	G	A	0.030355535794055588	1.517762097156106
22:37195250:T:G	0.0104517	0.00235204	1.49148	2.16502	22	37195250	T	G	0.030386153681489968	1.5173242699964964
22:41625206:A:G	1.39116e-05	0.000834532	-4.09415	-2.16486	22	41625206	A	G	0.03039840826296122	1.5171491565462105
22:17633267:A:G	0.0119456	0.00453398	0.968765	2.16485	22	17633267	A	G	0.03039917431525328	1.5171382122859554
22:47679992:CTA:C	0.0048469	0.00143289	1.21865	2.16472	22	47679992	CTA	C	0.030409134504302823	1.5169959404397033
22:49008890:G:C	0.0293667	0.00193105	2.7218	2.16414	22	49008890	G	C	0.030453606433701003	1.5163612691555362
22:41625676:A:G	1.39265e-05	0.000834532	-4.09308	-2.16394	22	41625676	A	G	0.030468954530192	1.5161424473053278
22:34775163:G:A	0.000166782	0.00402838	-3.18443	-2.16375	22	34775163	G	A	0.030483541375744775	1.515934580947807
22:45562126:T:C	0.00905335	0.0382086	-1.43993	-2.16362	22	45562126	T	C	0.030493525304850288	1.5157923646821512
22:31220183:G:A	5.69832e-05	0.00140833	-3.20741	-2.163	22	31220183	G	A	0.030541179616235505	1.5151141928549672
22:39323560:C:T	6.42188e-05	0.00363933	-4.03726	-2.16288	22	39323560	C	T	0.030550410415791433	1.5149829510477364
22:36921135:C:G	0.10869	0.0128252	2.13709	2.16272	22	36921135	C	G	0.030562721875921753	1.51480797067705
22:36920987:CTGTG:C	0.10869	0.0128252	2.13709	2.16272	22	36920987	CTGTG	C	0.030562721875921753	1.51480797067705
22:19582255:A:G	0.00248889	0.0292683	-2.46467	-2.16254	22	19582255	A	G	0.030576577361775898	1.51461112965242
22:36921216:A:G	0.10869	0.0128286	2.13682	2.16246	22	36921216	A	G	0.030582737086925674	1.5145236487944103
22:36921274:GTGTGTGTAT:G	0.10869	0.0128286	2.13682	2.16246	22	36921274	GTGTGTGTAT	G	0.030582737086925674	1.5145236487944103
22:42002371:T:C	1.51836e-05	0.000411239	-3.29896	-2.16213	22	42002371	T	C	0.030608157219598607	1.5141628165461063
22:39312274:G:A	8.17597e-05	0.00231079	-3.34156	-2.16212	22	39312274	G	A	0.030608927809834638	1.5141518828962217
22:38426033:AATAT:A	0.00590337	0.000269121	3.08812	2.16192	22	38426033	AATAT	A	0.030624343113798164	1.5139332180596494
22:41035085:CCTTCCTTCC:C	0.00410412	0.000119871	3.53333	2.16179	22	41035085	CCTTCCTTCC	C	0.030634366636289132	1.5137910942518293
22:35194384:CT:C	0.0121239	0.000336324	3.58486	2.16148	22	35194384	CT	C	0.03065828025274585	1.5134522101368957
22:46373108:T:C	0.0047191	0.0198476	-1.43646	-2.16074	22	46373108	T	C	0.030715429184679958	1.5126434119336742
22:45982754:AGGAT:A	0.0139373	0.00164806	2.13497	2.16062	22	45982754	AGGAT	A	0.03072470519341561	1.5125122755200135
22:50206229:G:A	0.000102255	0.00396203	-3.65704	-2.1605	22	50206229	G	A	0.030733983607494655	1.5123811447020745
22:49912110:C:G	0.00154656	0.000501987	1.12522	2.16047	22	49912110	C	G	0.030736303586906738	1.512348362871917
22:34729839:CA:C	0.0157673	0.00332634	1.55607	2.15993	22	34729839	CA	C	0.030778088937401117	1.5117583497322091
22:34703972:G:A	0.000274353	0.00321815	-2.46215	-2.15953	22	34703972	G	A	0.03080907248628448	1.5113213760145063
22:29451733:C:A	0.00403838	0.000156973	3.24753	2.15895	22	29451733	C	A	0.030854046197031304	1.5106878745540415
22:49772444:A:G	0.000455831	0.00507476	-2.40991	-2.15892	22	49772444	A	G	0.030856373955705115	1.5106551107924202
22:33302297:T:C	0.0492722	0.0177533	1.02079	2.15889	22	33302297	T	C	0.030858701865147154	1.510622347380496
22:49148217:T:G	0.00368657	0.0688267	-2.92689	-2.15847	22	49148217	T	G	0.030891308432294855	1.5101636963314033
22:38886186:G:A	0.0414692	0.00312678	2.58495	2.15805	22	38886186	G	A	0.03092394457256967	1.5097051138211028
22:48792098:C:T	0.00376902	0.0342915	-2.20808	-2.15801	22	48792098	C	T	0.03092705431953503	1.5096614428708353
22:38884672:G:A	0.0388372	0.00292883	2.58478	2.1579	22	38884672	G	A	0.03093560750792018	1.5095413509629771
22:41221022:T:C	1.32624e-05	0.000265432	-2.99643	-2.15784	22	41221022	T	C	0.03094027373921054	1.509475848267462
22:29024976:CT:C	0.00410079	0.000383906	2.36854	2.15773	22	29024976	CT	C	0.030948830065804938	1.5093557636250767
22:46468926:G:A	0.0446719	0.00635733	1.94973	2.15773	22	46468926	G	A	0.030948830065804938	1.5093557636250767
22:49901718:G:T	0.00024426	7.95335e-05	1.12205	2.15762	22	49901718	G	T	0.030957388423487046	1.5092356836838405
22:32317747:A:T	0.00058837	0.0117726	-2.99617	-2.15758	22	32317747	A	T	0.030960501057202692	1.5091920194162318
22:32389872:A:G	0.000137202	0.0052962	-3.65329	-2.15711	22	32389872	A	G	0.030997094631201146	1.5086790108357016
22:46094946:A:G	0.0127332	0.0790383	-1.82572	-2.15698	22	46094946	A	G	0.03100722281015404	1.508537129997347
22:23995877:T:G	0.000676946	0.0190259	-3.33596	-2.1565	22	23995877	T	G	0.031044643773793814	1.5080133191635692
22:19241942:T:A	0.000118846	0.00484515	-3.70791	-2.15635	22	19241942	T	A	0.031056345771303517	1.5078496466345777
22:38895171:AT:A	0.00460601	0.0711817	-2.73788	-2.15591	22	38895171	AT	A	0.031090693473248047	1.5073695909755873
22:46504504:CA:C	0.0293043	0.00660654	1.48967	2.15559	22	46504504	CA	C	0.031115694093320555	1.5070205068268057
22:42576222:T:C	0.0001831	2.78864e-05	1.88189	2.15558	22	42576222	T	C	0.031116475640621005	1.5070095985881438
22:41635747:G:T	1.24722e-05	0.000739791	-4.08287	-2.15511	22	41635747	G	T	0.031153227372154275	1.5064969551905898
22:45174233:G:A	0.00538509	0.000416918	2.5585	2.1548	22	45174233	G	A	0.031177488258385802	1.506158875659754
22:34192713:T:G	0.000404076	0.00966257	-3.17441	-2.15404	22	34192713	T	G	0.03123703516807544	1.5053301934646728
22:34845452:C:A	0.00362115	0.000764028	1.55594	2.15354	22	34845452	C	A	0.031276263965357404	1.5047851301689024
22:28939283:C:CA	0.000154987	0.000819177	-1.66496	-2.15307	22	28939283	C	CA	0.03131317756968334	1.5042728592129238
22:37188312:A:G	0.00105588	0.0224837	-3.05842	-2.15262	22	37188312	A	G	0.0313485554036107	1.5037824674232367
22:27288197:T:C	0.0034398	0.0403731	-2.46275	-2.15259	22	27288197	T	C	0.03135091514465527	1.503749777433803
22:43787352:GCA:G	0.000115133	0.00137905	-2.48306	-2.15255	22	43787352	GCA	G	0.031354061703102905	1.5037061913249918
22:17585653:T:A	0.0136145	0.00406569	1.20855	2.15255	22	17585653	T	A	0.031354061703102905	1.5037061913249918
22:31751385:T:C	0.000830636	4.52129e-05	2.91081	2.15247	22	31751385	T	C	0.03136035563282643	1.5036190209717077
22:30618873:G:A	0.000174218	0.00487525	-3.33162	-2.15213	22	30618873	G	A	0.0313871169281007	1.5032485747020323
22:41221314:G:C	1.44469e-05	0.000287422	-2.99047	-2.15196	22	41221314	G	C	0.03140050492093031	1.503063368404149
22:29069689:C:T	0.00189827	0.0352155	-2.92054	-2.15185	22	29069689	C	T	0.03140917035009499	1.5029435350161502
22:39716936:A:G	0.0124024	0.0610569	-1.59391	-2.15173	22	39716936	A	G	0.031418625885151104	1.5028128130435396
22:30619586:C:A	0.000174105	0.00486928	-3.33104	-2.15155	22	30619586	C	A	0.03143281376627654	1.5026167405710074
22:30619575:G:A	0.000174105	0.00486928	-3.33104	-2.15155	22	30619575	G	A	0.03143281376627654	1.5026167405710074
22:32194082:C:CT	0.0217693	0.00463857	1.54609	2.15088	22	32194082	C	CT	0.031485672525683024	1.5018870258469512
22:34846427:A:AT	0.00302351	0.000767307	1.37129	2.1502	22	34846427	A	AT	0.031539398166466816	1.5011465981179666
22:39397961:G:GT	0.000243009	0.00983537	-3.70064	-2.15002	22	39397961	G	GT	0.03155363281453009	1.5009506326011897
22:35191793:A:G	0.00170785	0.000336184	1.62533	2.15001	22	35191793	A	G	0.03155442378985242	1.5009397459969647
22:46321668:T:G	0.000811602	0.00336833	-1.42316	-2.14969	22	46321668	T	G	0.03157974398102106	1.5005913951662464
22:20544899:G:A	0.0603509	0.00347973	2.85322	2.14962	22	20544899	G	A	0.03158528509511558	1.5005151987228593
22:32476232:A:T	0.00139422	0.0821698	-4.07645	-2.14957	22	32476232	A	T	0.031589243544271	1.5004607738568772
22:43878387:C:T	0.00148182	0.0338316	-3.12812	-2.14947	22	43878387	C	T	0.031597161719030875	1.5003519270374186
22:49899335:G:A	0.000216843	6.33826e-05	1.22998	2.14929	22	49899335	G	A	0.03161141872326178	1.5001560125483533
22:18062868:C:T	0.12781	0.0236644	1.68657	2.14891	22	18062868	C	T	0.03164153496192783	1.499742456611605
22:49898897:C:T	0.000216593	6.33826e-05	1.22883	2.14828	22	49898897	C	T	0.03169151872876891	1.4990569479438296
22:33394081:CAAAAA:C	0.00439052	0.0168754	-1.34641	-2.14817	22	33394081	CAAAAA	C	0.03170025299284185	1.4989372717583767
22:49772916:A:G	0.000455566	0.00500732	-2.39712	-2.14786	22	49772916	A	G	0.031724878843702856	1.49860002778682
22:19371618:TACTC:T	0.000260346	1.008e-05	3.25146	2.14777	22	19371618	TACTC	T	0.03173203135611855	1.498502125236026
22:32476145:C:G	0.00139772	0.0821698	-4.07394	-2.1474	22	32476145	C	G	0.03176145065864663	1.4980996700151659
22:29864820:A:C	8.91166e-05	0.00145876	-2.79539	-2.14724	22	29864820	A	C	0.0317741797607381	1.4979256517883732
22:49816089:C:T	0.000529925	0.00325677	-1.81575	-2.14718	22	49816089	C	T	0.03177895430161593	1.4978603975159803
22:32540063:C:T	0.0344807	0.0075495	1.51892	2.14678	22	32540063	C	T	0.03181080029756807	1.497425404754767
22:22028389:T:C	0.0096837	0.0293745	-1.10968	-2.14638	22	22028389	T	C	0.031842673651803474	1.4969904741166653
22:47718892:T:C	0.000587656	0.00604611	-2.33103	-2.14571	22	47718892	T	C	0.03189612286174857	1.4962621044689164
22:32322176:A:T	0.000745976	0.04376	-4.07178	-2.14553	22	32322176	A	T	0.031910495451611384	1.4960664527720033
22:19122896:A:G	0.00217062	0.0514434	-3.16547	-2.14539	22	19122896	A	G	0.031921677970742225	1.4959142879265468
22:47674595:C:A	0.00143244	0.0128681	-2.19537	-2.14537	22	47674595	C	A	0.031923275747679246	1.4958925507126626
22:46371480:A:T	0.00441329	0.0182145	-1.4176	-2.14507	22	46371480	A	T	0.031947250629975485	1.4955665111396363
22:31696995:A:T	5.20289e-05	0.00304805	-4.07046	-2.14439	22	31696995	A	T	0.03200165084619259	1.4948276174644968
22:39314279:C:CTT	4.51878e-05	0.0025057	-4.0155	-2.14429	22	39314279	C	CTT	0.032009657571220526	1.49471897177042
22:41218255:A:G	1.19349e-05	0.000235529	-2.98236	-2.14397	22	41218255	A	G	0.03203529063136045	1.4943713316370477
22:21587626:C:T	5.96677e-06	0.000117747	-2.98234	-2.14394	22	21587626	C	T	0.03203769463254196	1.4943387424126247
22:21587718:G:A	5.96677e-06	0.000117747	-2.98234	-2.14394	22	21587718	G	A	0.03203769463254196	1.4943387424126247
22:49180981:T:TAC	0.0491968	0.00317181	2.74153	2.14385	22	49180981	T	TAC	0.032044907563873556	1.49424097683565
22:48395311:T:G	0.00302555	0.0124668	-1.41598	-2.14372	22	48395311	T	G	0.03205532869972488	1.4940997654423982
22:32456190:T:A	0.0644843	0.00930924	1.93541	2.14371	22	32456190	T	A	0.03205613044586061	1.4940889032992715
22:49920668:G:A	0.00535669	0.00157606	1.22342	2.14357	22	49920668	G	A	0.03206735669655772	1.4939368373715656
22:32195883:T:C	0.0215433	0.00462791	1.53796	2.1435	22	32195883	T	C	0.03207297108541976	1.4938608072609445
22:41625953:C:T	1.39223e-05	0.000814698	-4.06932	-2.14341	22	41625953	C	T	0.03208019082332035	1.4937630570565597
22:34795114:T:C	0.0029761	0.000117784	3.22952	2.14314	22	34795114	T	C	0.032101858395092546	1.493469825309397
22:46027058:T:C	0.00234141	0.0114221	-1.58479	-2.14312	22	46027058	T	C	0.03210346389924753	1.4934481055649766
22:19503856:A:G	0.000233898	0.00939144	-3.69267	-2.14307	22	19503856	A	G	0.03210747796071548	1.4933938068832466
22:30618390:C:T	0.000176225	0.0048864	-3.32245	-2.14291	22	30618390	C	T	0.032120325848156786	1.493220057623163
22:49920426:C:T	0.00534969	0.00157606	1.22211	2.14243	22	49920426	C	T	0.03215889595033119	1.492698869466789
22:42396483:TTA:T	0.00039018	0.00330621	-2.13695	-2.14242	22	42396483	TTA	T	0.03215969991600905	1.4926880123312172
22:49920079:A:G	0.00534484	0.00157606	1.2212	2.14164	22	49920079	A	G	0.032222462330413044	1.4918412753491124
22:32194462:G:A	0.0216745	0.00466803	1.5354	2.14117	22	32194462	G	A	0.03226033136270061	1.4913311760588583
22:42832535:C:CA	5.29887e-05	0.00200929	-3.63546	-2.14099	22	42832535	C	CA	0.03227484449216289	1.4911358415900704
22:36828936:CT:C	0.0179867	0.00268899	1.90047	2.14055	22	36828936	CT	C	0.032310344584826456	1.4906584102741953
22:49912066:G:C	0.00135459	0.000449568	1.10297	2.14037	22	49912066	G	C	0.032324876990026744	1.4904631191205537
22:35192851:A:G	0.00170482	0.000338785	1.61585	2.14029	22	35192851	A	G	0.03233133763419023	1.4903763270887163
22:48829328:A:G	0.00184916	0.015554	-2.12958	-2.13986	22	48829328	A	G	0.0323660825544173	1.4899098624743483
22:34780416:C:T	0.00215983	0.000119369	2.89556	2.13958	22	34780416	C	T	0.032388724346889816	1.4896061566522638
22:41862573:C:G	0.000266112	0.00566045	-3.05734	-2.13887	22	41862573	C	G	0.03244619830209269	1.4888361818573186
22:50113395:A:G	6.05289e-05	0.0011883	-2.97716	-2.13883	22	50113395	A	G	0.03244943886950083	1.4887928088169695
22:49595458:G:A	1.32255e-05	0.000153203	-2.44962	-2.13825	22	49595458	G	A	0.03249645826257389	1.488163969508452
22:25449520:C:CT	0.0068361	0.00267936	0.93664	2.13802	22	25449520	C	CT	0.032515120037777026	1.4879146383453659
22:17650046:G:T	0.00405253	0.00122911	1.19305	2.13764	22	17650046	G	T	0.0325459726483144	1.487502744878476
22:38895021:C:A	0.00460601	0.0699063	-2.71979	-2.13747	22	38895021	C	A	0.03255978324812707	1.4873184948901976
22:38895072:G:A	0.00460601	0.0699063	-2.71979	-2.13747	22	38895072	G	A	0.03255978324812707	1.4873184948901976
22:49928273:G:C	0.0151899	0.00591603	0.942963	2.13727	22	49928273	G	C	0.0325760374387725	1.4871017445559822
22:38886640:T:G	0.00302611	0.0459069	-2.71934	-2.137	22	38886640	T	G	0.03259799162006525	1.4868091562262913
22:38886338:G:A	0.00302611	0.0459069	-2.71934	-2.137	22	38886338	G	A	0.03259799162006525	1.4868091562262913
22:41692577:A:G	8.31638e-06	5.4021e-07	2.73402	2.13686	22	41692577	A	G	0.03260938025770873	1.4866574548958185
22:19370256:A:G	0.000248698	9.74758e-06	3.23922	2.13686	22	19370256	A	G	0.03260938025770873	1.4866574548958185
22:45570619:TA:T	0.0662136	0.0105471	1.83704	2.13673	22	45570619	TA	T	0.032619958472356124	1.4865165961847087
22:36919658:A:G	0.103849	0.0125806	2.11079	2.13657	22	36919658	A	G	0.03263298184781669	1.486343240619561
22:23372383:G:GCT	0.0923033	0.0273832	1.21515	2.13636	22	23372383	G	GCT	0.032650081785795135	1.486115726515246
22:49919003:C:T	0.00390087	0.00115743	1.215	2.13623	22	49919003	C	T	0.032660671306896434	1.4859748930260328
22:34790661:T:G	5.06017e-05	0.00201583	-3.6848	-2.13621	22	34790661	T	G	0.03266230072502829	1.4859532269174185
22:49938943:T:TG	0.0212992	0.00502772	1.4437	2.13618	22	49938943	T	TG	0.032664744982758814	1.4859207280455131
22:33067236:A:C	0.000840552	0.0164544	-2.97429	-2.136	22	33067236	A	C	0.032679413818987674	1.4857257421476464
22:49173177:C:CAAAA	0.00280649	0.0772376	-3.31495	-2.13538	22	49173177	C	CAAAA	0.03272998299871305	1.485054220282189
22:44860122:A:T	0.000316148	0.00832744	-3.2711	-2.13531	22	44860122	A	T	0.03273569662989661	1.484978412667725
22:32316286:A:G	0.00788889	0.000764879	2.33349	2.13518	22	32316286	A	G	0.03274630992526608	1.4848376321420016
22:40651747:G:T	0.00458173	0.00139133	1.19182	2.1351	22	40651747	G	T	0.0327528426483859	1.4847510012315037
22:19122442:G:A	0.00198894	0.052375	-3.27083	-2.13505	22	19122442	G	A	0.03275692616701293	1.4846968581734274
22:49008664:C:T	0.00172031	0.0386478	-3.11199	-2.13465	22	49008664	C	T	0.032789610013248406	1.4842637486280252
22:46331978:A:C	0.00500953	0.00185712	0.992316	2.13456	22	46331978	A	C	0.03279696772562385	1.4841663075354221
22:29443858:G:T	0.000370626	0.0139514	-3.62814	-2.13439	22	29443858	G	T	0.032810869483886826	1.4839822607126791
22:40088585:T:TTGTG	9.58004e-06	0.000174689	-2.90333	-2.1339	22	40088585	T	TTGTG	0.032850967490934066	1.4834518355475304
22:34645919:G:C	0.000334839	0.000101919	1.18947	2.13385	22	34645919	G	C	0.03285506148236987	1.4833977157682767
22:45799087:G:GTT	7.16353e-05	0.000826406	-2.4455	-2.13376	22	45799087	G	GTT	0.03286243176776883	1.4833003026098028
22:46302895:C:CT	0.00244663	0.00101522	0.879606	2.13314	22	46302895	C	CT	0.03291324331980551	1.4826293195746114
22:49366828:CCA:C	0.0555643	0.00159628	3.54987	2.13304	22	49366828	CCA	C	0.0329214450272766	1.4825211104707259
22:39323623:A:G	6.65173e-05	0.00363933	-4.00209	-2.13283	22	39323623	A	G	0.03293867430840331	1.4822938839801985
22:22918894:A:G	0.00332023	0.0350224	-2.35595	-2.13279	22	22918894	A	G	0.03294195695128201	1.4822506046836221
22:24379676:A:G	7.03518e-05	0.00113523	-2.78108	-2.13278	22	24379676	A	G	0.032942777655760265	1.482239784956463
22:28836916:CA:C	0.00128606	8.39237e-05	2.72943	2.13259	22	28836916	CA	C	0.03295837436694036	1.4820342175112844
22:21692966:G:A	0.00020194	0.0110446	-4.00172	-2.13252	22	21692966	G	A	0.032964122116953196	1.4819584856669703
22:31000804:A:AT	0.000120565	0.00696625	-4.05664	-2.13245	22	31000804	A	AT	0.03296987072503353	1.4818827557235335
22:38481770:AC:A	0.0552191	0.0110599	1.60798	2.13222	22	38481770	AC	A	0.03298876505146113	1.481633942150159
22:49865103:G:A	6.25327e-05	0.000674997	-2.37902	-2.13222	22	49865103	G	A	0.03298876505146113	1.481633942150159
22:31261463:A:G	1.41268e-05	0.000298616	-3.05109	-2.13219	22	31261463	A	G	0.03299123021203804	1.4816014897187277
22:26697239:T:A	0.000228961	0.00476637	-3.03579	-2.1321	22	26697239	T	A	0.03299862663994485	1.4815041345192346
22:31103698:A:T	0.00082702	0.0124853	-2.71447	-2.13205	22	31103698	A	T	0.0330027363798798	1.4814500496550305
22:23796927:C:T	0.00924202	0.000278806	3.501	2.13179	22	23796927	C	T	0.0330241140910501	1.4811688239944036
22:26697545:A:G	0.000228961	0.00476013	-3.03448	-2.13091	22	26697545	A	G	0.033096557396191204	1.4802171778736146
22:38894790:G:A	0.00457924	0.069037	-2.71311	-2.13065	22	38894790	G	A	0.033117987112773965	1.4799360671885045
22:38893181:G:A	0.0568402	0.00442395	2.55321	2.13062	22	38893181	G	A	0.03312046053640798	1.4799036330275517
22:38729069:C:G	0.00186511	0.000403801	1.53015	2.12985	22	38729069	C	G	0.033183999204823685	1.4790712756978963
22:26076680:T:C	0.0789058	0.0241122	1.18554	2.12969	22	26076680	T	C	0.03319721512715519	1.4788983471886659
22:23830650:CTTTTTTTTT:C	0.0289483	0.000876079	3.49781	2.12883	22	23830650	CTTTTTTTTT	C	0.033268327907454535	1.4779690265677456
22:33800639:C:T	0.00248654	0.000242759	2.32658	2.12855	22	33800639	C	T	0.033291509017017225	1.4776665189643712
22:19994955:G:A	0.00138902	0.0251986	-2.89819	-2.12854	22	19994955	G	A	0.03329233716934719	1.4776557156837649
22:36983722:T:G	0.00200364	0.0466608	-3.14794	-2.12841	22	36983722	T	G	0.03330310475386741	1.4775152765652226
22:47749095:A:G	0.00106	0.00935659	-2.17782	-2.12791	22	47749095	A	G	0.033344546315844534	1.4769751871931658
22:38094823:G:GGGCATGGGA	0.0012173	0.0332465	-3.30731	-2.1277	22	38094823	G	GGGCATGGGA	0.03336196492498481	1.4767483785694415
22:34503666:A:AT	4.91298e-06	0.000101776	-3.03089	-2.12766	22	34503666	A	AT	0.03336528363782993	1.4767051788659356
22:46320706:T:C	0.0008293	0.00334852	-1.39569	-2.12686	22	46320706	T	C	0.03343171723534779	1.4758413151010739
22:44253596:ATT:A	0.0366872	0.0014793	3.21086	2.12676	22	44253596	ATT	A	0.03344002938656912	1.4757333495817293
22:40097671:TACAC:T	0.00649333	0.000157136	3.72142	2.12611	22	40097671	TACAC	T	0.03349410147718472	1.475031668230684
22:46501199:ATTTTTT:A	0.0268133	0.00619308	1.46547	2.12602	22	46501199	ATTTTTT	A	0.0335015942739427	1.4749345252646144
22:46299960:A:AT	0.00271602	0.00101727	0.982045	2.12578	22	46299960	A	AT	0.033521582075676	1.4746754927111523
22:22008509:T:C	0.0167359	0.090729	-1.69032	-2.12565	22	22008509	T	C	0.033532413060261564	1.4745351927373638
22:48394220:A:C	0.00299628	0.0120792	-1.39412	-2.12555	22	48394220	A	C	0.03354074662375312	1.47442727413998
22:48394254:T:G	0.00299628	0.0120792	-1.39412	-2.12555	22	48394254	T	G	0.03354074662375312	1.47442727413998
22:40288279:G:A	0.000155917	0.00327424	-3.04452	-2.12517	22	40288279	G	A	0.03357243032386028	1.4740172188342746
22:26120469:A:AAG	0.0376045	0.00869498	1.46438	2.12497	22	26120469	A	AAG	0.03358911623580572	1.473801422742501
22:37728262:C:CA	0.000423135	0.0107197	-3.23215	-2.1246	22	37728262	C	CA	0.03362000387336702	1.4734022408613954
22:19114065:GAAAA:G	0.00909345	0.000625309	2.67706	2.12457	22	19114065	GAAAA	G	0.03362250934080233	1.4733698770894232
22:30831386:A:G	0.000194748	0.00530235	-3.3042	-2.12457	22	30831386	A	G	0.03362250934080233	1.4733698770894232
22:34214210:CAA:C	0.0034922	0.000704819	1.60035	2.12439	22	34214210	CAA	C	0.03363754549931397	1.4731757017859706
22:48804403:C:T	0.0242738	0.00699198	1.24464	2.12435	22	48804403	C	T	0.03364088764878181	1.4731325534246056
22:34216018:C:CT	0.000394055	0.00630171	-2.77208	-2.12369	22	34216018	C	CT	0.033696074132653825	1.4724206950290606
22:46138307:T:A	0.00220908	0.0182694	-2.11265	-2.12364	22	46138307	T	A	0.03370025807997873	1.472366773244938
22:48789249:A:G	0.0341157	0.00815496	1.43113	2.12348	22	48789249	A	G	0.03371364969718439	1.4721942300494921
22:40657254:AT:A	0.000812202	0.00522191	-1.86087	-2.12348	22	40657254	AT	A	0.03371364969718439	1.4721942300494921
22:43038022:A:G	0.000766749	0.0130498	-2.83437	-2.1232	22	43038022	A	G	0.033737095978058275	1.4718923033409623
22:49919571:G:A	0.00515475	0.00174383	1.08384	2.12309	22	49919571	G	A	0.033746310831340824	1.4717736975933795
22:39322559:T:C	6.12686e-05	0.00331405	-3.99066	-2.12306	22	39322559	T	C	0.033748824346666144	1.4717413513855058
22:34421901:A:G	0.0191874	0.00458994	1.43039	2.12273	22	34421901	A	G	0.033776483583287754	1.4713855661287336
22:29551931:G:A	7.28063e-05	4.10566e-06	2.87544	2.12256	22	29551931	G	A	0.03379073984445842	1.4712022992920404
22:49606312:T:G	7.02151e-05	0.00275227	-3.66862	-2.12209	22	49606312	T	G	0.03383018099382641	1.4706956787000538
22:34809069:T:C	0.000245418	0.00391638	-2.76996	-2.12154	22	34809069	T	C	0.03387638550891999	1.4701029335618605
22:43655522:CA:C	0.00273365	0.00026589	2.33031	2.12133	22	43655522	CA	C	0.03389404146100057	1.469876643627514
22:49796532:G:A	0.000372033	0.00310756	-2.12261	-2.1211	22	49796532	G	A	0.03391338795909139	1.4696288218868923
22:30056025:A:AG	1.22364e-05	0.000479046	-3.66738	-2.12102	22	30056025	A	AG	0.03392011938854379	1.4695426278276313
22:19372571:AT:A	0.000260881	1.0418e-05	3.22053	2.1202	22	19372571	AT	A	0.033989182427773844	1.4686592817651816
22:34198293:G:C	0.000182698	0.00984788	-3.98718	-2.12009	22	34198293	G	C	0.033998456120053075	1.4685408039508392
22:38433769:G:C	0.00035855	0.00654008	-2.90363	-2.12007	22	38433769	G	C	0.03400014247829561	1.4685192630339823
22:46368276:C:A	0.00327451	0.0176246	-1.68313	-2.1198	22	46368276	C	A	0.034022915314129105	1.4682284758324
22:30618585:G:A	0.00440914	0.000176176	3.21995	2.11968	22	30618585	G	A	0.03403304075908649	1.4680992461467712
22:49912061:G:GATCACCCTC	0.00135162	0.00045918	1.07962	2.11927	22	49912061	G	GATCACCCTC	0.03406765546761453	1.4676577535032602
22:46503876:AT:A	0.0281018	0.00620105	1.51111	2.11913	22	46503876	AT	A	0.034079482014643746	1.4675070148411218
22:46327476:A:G	0.00465702	0.00175808	0.974152	2.11904	22	46327476	A	G	0.03408708664789798	1.4674101154272972
22:48394159:A:C	0.00299628	0.0119831	-1.38613	-2.11891	22	48394159	A	C	0.03409807367887298	1.4672701551502114
22:30828588:G:A	0.000199708	0.0077931	-3.66414	-2.11819	22	30828588	G	A	0.03415897975143835	1.4664951091463063
22:45174184:C:CT	0.000440269	0.0162774	-3.61015	-2.11812	22	45174184	C	CT	0.034164906131537984	1.466419768168605
22:37876297:A:AT	5.66312e-05	0.0030454	-3.98483	-2.11808	22	37876297	A	AT	0.03416829302899085	1.4663767170340518
22:36706198:C:CCTT	0.00902432	0.00212003	1.44849	2.11808	22	36706198	C	CCTT	0.03416829302899085	1.4663767170340518
22:17604981:T:C	0.00165504	0.00786175	-1.55818	-2.118	22	17604981	T	C	0.03417506768479841	1.4662906166253822
22:32617313:T:C	0.011627	0.00369602	1.14607	2.11762	22	32617313	T	C	0.03420726297977047	1.4658816735593343
22:34785545:C:G	5.50103e-05	0.00295646	-3.98423	-2.11757	22	34785545	C	G	0.034211501131922846	1.4658278694276903
22:17654508:C:T	0.000349612	0.00370951	-2.36183	-2.11736	22	17654508	C	T	0.03422930627177512	1.465601902655668
22:49389500:G:C	0.106655	0.00739605	2.66865	2.11713	22	49389500	G	C	0.03424881622523032	1.465354434849949
22:39120510:T:C	0.0369714	0.00709027	1.65142	2.11705	22	39120510	T	C	0.034255604523240515	1.4652683638973074
22:23827183:T:G	0.000573538	0.032548	-4.03865	-2.1169	22	23827183	T	G	0.034268335681173656	1.4651069875466267
22:30057352:G:A	1.20638e-05	0.000470038	-3.66261	-2.11686	22	30057352	G	A	0.03427173133943794	1.4650639553258566
22:44253907:C:A	0.0513912	0.00125766	3.71021	2.11679	22	44253907	C	A	0.03427767443329899	1.4649886504316227
22:44253950:C:T	0.0513912	0.00125766	3.71021	2.11679	22	44253950	C	T	0.03427767443329899	1.4649886504316227
22:33303033:A:T	0.0485317	0.0183702	0.971487	2.11676	22	33303033	A	T	0.034280221743116665	1.4649563774868646
22:34194688:A:G	0.000210097	0.00775574	-3.60862	-2.11675	22	34194688	A	G	0.034281070882336916	1.464945619916124
22:29865230:A:G	8.98062e-05	0.00142585	-2.76487	-2.1164	22	29865230	A	G	0.03431080208099376	1.4645691293563
22:23811036:CAAAAA:C	0.000804032	0.000119421	1.90698	2.11589	22	23811036	CAAAAA	C	0.03435416412863676	1.464020613816039
22:41864324:T:TA	0.000248489	0.00517314	-3.03584	-2.11589	22	41864324	T	TA	0.03435416412863676	1.464020613816039
22:17436386:T:C	0.00152755	0.0350879	-3.13419	-2.1151	22	17436386	T	C	0.03442142523368487	1.4631711514892778
22:17271502:C:T	0.0491096	0.0152031	1.17256	2.11502	22	17271502	C	T	0.03442824275444704	1.4630851434737429
22:48172755:GA:G	0.0288259	0.00191709	2.71047	2.11493	22	48172755	GA	G	0.03443591384426397	1.4629883874207827
22:32049093:T:TAA	9.69471e-05	0.000966409	-2.29942	-2.11441	22	32049093	T	TAA	0.034480264295964	1.4624294139076832
22:44857959:A:G	0.000439508	0.0113239	-3.24902	-2.11405	22	44857959	A	G	0.03451099703335914	1.4620424936256025
22:44857958:G:A	0.000439508	0.0113239	-3.24902	-2.11405	22	44857958	G	A	0.03451099703335914	1.4620424936256025
22:44254515:C:T	0.0513912	0.00126197	3.70679	2.11395	22	44254515	C	T	0.03451953805674294	1.4619350246819103
22:41624719:C:T	1.39798e-05	0.000790246	-4.03473	-2.11352	22	41624719	C	T	0.034556285037192595	1.4614729523785612
22:21712492:CGAA:C	0.00644746	0.000639619	2.31057	2.11322	22	21712492	CGAA	C	0.034581942250600496	1.4611506187824395
22:49179668:C:T	0.00298433	0.0533466	-2.88343	-2.11316	22	49179668	C	T	0.03458707564554082	1.461086156247972
22:19989311:C:G	0.00142492	0.025469	-2.88335	-2.11307	22	19989311	C	G	0.03459477695841328	1.4609894650617188
22:46407477:G:A	0.00527327	0.0209366	-1.37885	-2.11286	22	46407477	G	A	0.03461275238505895	1.4607638644991305
22:35182459:C:T	0.000299852	0.00248803	-2.11596	-2.11262	22	35182459	C	T	0.03463330549829642	1.460506056207946
22:23824925:A:G	0.00052086	0.029395	-4.0331	-2.11211	22	23824925	A	G	0.034677015478850146	1.4599582876907171
22:26701879:C:G	0.000246731	0.00502387	-3.01366	-2.11203	22	26701879	C	G	0.03468387621976166	1.4598723723613034
22:50139646:G:A	0.000124463	0.00334547	-3.29135	-2.11166	22	50139646	G	A	0.034715622228890755	1.4594750462175397
22:32186828:T:G	0.0287326	0.00676516	1.44625	2.1113	22	32186828	T	G	0.03474653405406073	1.4590885095275927
22:32186667:G:A	0.0287326	0.00676516	1.44625	2.1113	22	32186667	G	A	0.03474653405406073	1.4590885095275927
22:25991914:T:TGAAAG	0.0250199	0.00511553	1.58739	2.11111	22	25991914	T	TGAAAG	0.034762858103541454	1.4588845242956099
22:39497115:G:A	0.00325208	0.0336032	-2.33533	-2.11001	22	39497115	G	A	0.03485749453604355	1.457703832035984
22:24768498:C:T	0.000294436	0.00524641	-2.88024	-2.10983	22	24768498	C	T	0.03487300142384805	1.4575106724772202
22:32389091:A:G	0.000112886	0.00601212	-3.97515	-2.10982	22	32389091	A	G	0.03487386309030429	1.4574999417586476
22:41221156:T:TG	0.000200275	1.40045e-05	2.66031	2.10975	22	41221156	T	TG	0.03487989526454889	1.4574248278133455
22:42574674:C:T	7.1495e-05	0.00261698	-3.60015	-2.10909	22	42574674	C	T	0.03493681386453704	1.4567167039364852
22:32679048:C:CT	0.000933999	0.0233002	-3.21674	-2.1089	22	32679048	C	CT	0.034953214216072497	1.4565128813741122
22:49645986:AAAATAAACC:A	0.000710691	2.92536e-05	3.19023	2.10866	22	49645986	AAAATAAACC	A	0.034973939844748995	1.4562554412837025
22:45172223:T:C	0.000387507	0.0141698	-3.59914	-2.10817	22	45172223	T	C	0.0350162872507096	1.4557299037125568
22:48520366:T:A	0.0977039	0.00506152	2.96027	2.10814	22	48520366	T	A	0.03501888137053243	1.4556977309642893
22:35714473:T:C	0.0454663	0.00724208	1.83706	2.10763	22	35714473	T	C	0.035063006516521285	1.4551508475818298
22:17641596:G:A	0.0131148	0.00521392	0.922412	2.10742	22	17641596	G	A	0.03508118948524558	1.4549256895899054
22:39564110:G:A	0.00145012	0.0181484	-2.52694	-2.1074	22	39564110	G	A	0.03508292161628805	1.4549042468625046
22:23830954:A:C	0.00106555	0.027258	-3.24186	-2.10716	22	23830954	A	C	0.03510371288405694	1.454646946218523
22:35960851:G:A	3.70711e-05	0.00135363	-3.5977	-2.10688	22	35960851	G	A	0.03512798265596424	1.4543467903315006
22:37190921:T:A	0.00105719	0.0214002	-3.00779	-2.10672	22	37190921	T	A	0.03514185752674173	1.4541752863155977
22:34791403:C:T	5.24533e-05	0.00278319	-3.97143	-2.10664	22	34791403	C	T	0.03514879671617785	1.4540895380259216
22:30618114:ATT:A	0.00690494	0.000204923	3.51736	2.10662	22	30618114	ATT	A	0.03515053169627597	1.454068101340821
22:17604937:T:C	0.00167524	0.00786175	-1.54605	-2.10655	22	17604937	T	C	0.03515660470230088	1.4539930741630167
22:17604964:T:C	0.00167524	0.00786175	-1.54605	-2.10655	22	17604964	T	C	0.03515660470230088	1.4539930741630167
22:30643894:C:T	0.000202643	0.00780235	-3.65073	-2.1065	22	30643894	C	T	0.03516094311205699	1.453939484483676
22:43357030:G:T	0.0019573	0.0169067	-2.15614	-2.10636	22	43357030	G	T	0.035173093090558015	1.453789438532793
22:32384507:CAG:C	0.0165179	0.000409409	3.69748	2.10621	22	32384507	CAG	C	0.035186114901209715	1.453628683438004
22:35303131:A:AACACACACA	0.0003108	0.00256146	-2.10918	-2.10617	22	35303131	A	AACACACACA	0.03518958807892727	1.453585816884499
22:41227992:C:T	0.000157039	4.16818e-05	1.32643	2.10596	22	41227992	C	T	0.03520782706312665	1.4533607776453574
22:17603709:G:T	0.00171725	0.008053	-1.54532	-2.10586	22	17603709	G	T	0.03521651512922117	1.4532536221060952
22:20955820:A:AT	0.049266	0.0199397	0.904522	2.10574	22	20955820	A	AT	0.03522694322386746	1.4531250405713265
22:22081507:C:T	0.0459653	0.0045452	2.31382	2.10562	22	22081507	C	T	0.035237373953909405	1.452996464613623
22:33709648:C:T	0.034215	0.00832556	1.41333	2.1055	22	33709648	C	T	0.03524780731986279	1.4528678942329434
22:35353978:T:TA	0.0208306	0.00292862	1.96189	2.10544	22	35353978	T	TA	0.03525302499146749	1.452803611133974
22:49368354:G:A	0.00126083	0.066805	-3.97	-2.10542	22	49368354	G	A	0.03525476436181504	1.4527821837441492
22:22081776:A:T	0.0460057	0.00455064	2.3135	2.10532	22	22081776	A	T	0.03526346231225528	1.4526750491187514
22:22081768:G:A	0.0460057	0.00455064	2.3135	2.10532	22	22081768	G	A	0.03526346231225528	1.4526750491187514
22:22081750:G:A	0.0460057	0.00455064	2.3135	2.10532	22	22081750	G	A	0.03526346231225528	1.4526750491187514
22:48584611:C:T	0.00407693	0.108864	-3.28476	-2.10503	22	48584611	C	T	0.035288696726109944	1.4523643806060411
22:25784065:T:G	0.000865793	0.0315434	-3.59548	-2.10487	22	25784065	T	G	0.035302625756994686	1.452192991230769
22:47198892:T:G	0.081711	0.236929	-1.06457	-2.10452	22	47198892	T	G	0.03533311187089035	1.4518181115365438
22:25592744:C:G	0.000210751	8.40248e-05	0.919567	2.10452	22	25592744	C	G	0.03533311187089035	1.4518181115365438
22:46334230:C:T	0.00547083	0.00210072	0.957149	2.10451	22	46334230	C	T	0.03533398323273526	1.4518074013852222
22:31111777:C:G	0.000571109	0.0115324	-3.00533	-2.10449	22	31111777	C	G	0.03533572601143957	1.4517859811987603
22:46382426:C:T	0.00559687	0.0162229	-1.06421	-2.10419	22	46382426	C	T	0.03536187649591354	1.4514646969904899
22:47718442:A:T	0.000615715	0.00607431	-2.28904	-2.10413	22	47718442	A	T	0.035367108574096584	1.4514004443312531
22:43198132:T:C	0.000961528	0.0109381	-2.43148	-2.10374	22	43198132	T	C	0.035401133186810756	1.4509828360278232
22:49176825:G:A	0.0119148	0.00232009	1.63618	2.10323	22	49176825	G	A	0.0354456690526104	1.4504368217350136
22:17271774:T:C	0.0485423	0.0152031	1.16093	2.1029	22	17271774	T	C	0.035474511844683025	1.4500835720401608
22:27409034:A:T	0.00180984	0.101044	-4.02231	-2.10278	22	27409034	A	T	0.03548500509642583	1.449955128060867
22:22578480:ATG:A	0.0355979	0.00272767	2.56884	2.10267	22	22578480	ATG	A	0.03549462623682307	1.4498373926449106
22:49850423:C:T	0.000199902	0.00163527	-2.10174	-2.10264	22	49850423	C	T	0.0354972505704427	1.449805283799182
22:36920907:G:A	0.105379	0.0132091	2.07665	2.10263	22	36920907	G	A	0.03549812538510354	1.44979458092805
22:36920434:T:C	0.104548	0.013115	2.07589	2.10187	22	36920434	T	C	0.03556466514297093	1.448981276021229
22:22080038:G:A	0.00210868	0.0424497	-3.00226	-2.1017	22	22080038	G	A	0.03557956359021043	1.4487993831640056
22:27391168:C:T	0.00382662	0.0722894	-2.9387	-2.1009	22	27391168	C	T	0.03564974543252607	1.447943567008299
22:24563203:ATATATG:A	0.0150555	0.000910738	2.80524	2.10052	22	24563203	ATATATG	A	0.035683123154429744	1.4475371411407756
22:34757011:C:T	0.00796941	0.000198916	3.69048	2.10039	22	34757011	C	T	0.03569454796660338	1.4473981135471812
22:33301048:A:C	0.0505558	0.0217903	0.841614	2.10031	22	33301048	A	C	0.03570158017096546	1.4473125613571785
22:30086951:C:T	1.85362e-05	0.000458518	-3.20827	-2.10028	22	30086951	C	T	0.035704217552245864	1.4472804799247516
22:49174985:G:A	0.0021679	0.0576152	-3.28003	-2.10027	22	49174985	G	A	0.03570509671626838	1.4472697861913753
22:36920083:G:A	0.104547	0.0131365	2.07424	2.10023	22	36920083	G	A	0.035708613557011534	1.4472270116450345
22:41621260:A:G	1.99155e-05	0.000351481	-2.87066	-2.09984	22	41621260	A	G	0.035742918241109756	1.44680999228164
22:39722468:A:G	0.0095705	0.0445854	-1.53872	-2.09963	22	39722468	A	G	0.03576140163403521	1.4465854677844576
22:42001465:G:A	1.55733e-05	0.000351993	-3.11805	-2.09948	22	42001465	G	A	0.03577460904812835	1.4464251035966496
22:38431498:C:G	0.000264356	0.0139044	-3.96267	-2.09915	22	38431498	C	G	0.035803680003619484	1.4460723330452743
22:29685261:C:A	0.000234956	0.00596031	-3.23348	-2.09909	22	29685261	C	A	0.03580896779591273	1.4460081974745576
22:46365600:C:G	0.0031814	0.0158078	-1.60318	-2.09884	22	46365600	C	G	0.03583100743345002	1.4457409809313657
22:19115069:G:C	0.00926782	0.000656126	2.64795	2.09881	22	19115069	G	C	0.03583365296719485	1.4457089165721357
22:44829721:TATGA:T	0.0228811	0.00124816	2.90864	2.09858	22	44829721	TATGA	T	0.03585394092730897	1.4454631013931571
22:39109388:T:C	0.0213022	0.00417048	1.63078	2.09833	22	39109388	T	C	0.03587600416742726	1.4451959342086345
22:49177739:A:G	0.00200597	0.111385	-4.01687	-2.09808	22	49177739	A	G	0.035898078984571424	1.4449287912189646
22:49912065:A:ACCCTCG	0.00134875	0.000469113	1.05609	2.09801	22	49912065	A	ACCCTCG	0.035904262008614136	1.444853995517523
22:45166283:CTTTTTTTTT:C	0.00163496	0.000231597	1.95437	2.09799	22	45166283	CTTTTTTTTT	C	0.03590602875370324	1.4448326256655106
22:33403057:A:AAAC	0.0578059	0.0129597	1.49524	2.09778	22	33403057	A	AAAC	0.03592458405342821	1.444608251568035
22:49008801:C:T	0.00175041	0.0377757	-3.07181	-2.09774	22	49008801	C	T	0.035928119323136214	1.4445655155802346
22:39109456:C:T	0.0213022	0.00417503	1.62969	2.09734	22	39109456	C	T	0.03596348833944336	1.4441381897670762
22:41517840:A:G	0.000398139	3.06867e-05	2.56297	2.09707	22	41517840	A	G	0.03598737920545545	1.443849779855916
22:33797078:C:T	0.000209422	0.0109872	-3.96014	-2.09699	22	33797078	C	T	0.035994460578859265	1.4437643304866665
22:33379055:T:C	0.01976	0.00529487	1.31692	2.09658	22	33379055	T	C	0.03603077126793175	1.4433264413517088
22:49796096:CT:C	0.000407877	0.00331263	-2.09453	-2.09626	22	49796096	CT	C	0.036059133013480224	1.4429847194324714
22:43868337:G:T	0.00140738	0.000336317	1.43143	2.09619	22	43868337	G	T	0.036065339681894716	1.4429099730461385
22:17373773:A:G	0.0109268	0.0399018	-1.2952	-2.09577	22	17373773	A	G	0.03610259882262191	1.442461534556934
22:34675159:A:T	2.2646e-05	5.13043e-06	1.48479	2.09525	22	34675159	A	T	0.036148774648746336	1.4419064195951004
22:36919946:C:T	0.104175	0.0131572	2.0691	2.09512	22	36919946	C	T	0.03616032646883613	1.441767657207349
22:49921161:C:T	0.00535783	0.00166743	1.16728	2.09461	22	49921161	C	T	0.036205675541398336	1.4412233448506013
22:49921063:T:TCCACACG	0.00535783	0.00166743	1.16728	2.09461	22	49921063	T	TCCACACG	0.036205675541398336	1.4412233448506013
22:34197238:C:T	0.00260762	0.000370891	1.95029	2.09394	22	34197238	C	T	0.036265325445166016	1.4405084208244445
22:22007691:T:C	0.0177906	0.0927535	-1.65128	-2.09392	22	22007691	T	C	0.03626710732607798	1.4404870824791536
22:21971954:GC:G	0.0252379	0.00103804	3.19102	2.09389	22	21971954	GC	G	0.036269780287366445	1.4404550752514755
22:34198315:C:T	0.00251379	0.000357608	1.95011	2.09376	22	34198315	C	T	0.03628136506003621	1.4403163812897675
22:44373679:C:A	0.00312347	0.0516774	-2.80608	-2.09327	22	44373679	C	A	0.03632505909288474	1.4397936705277279
22:49147037:C:T	0.00385188	0.0675393	-2.86415	-2.09306	22	49147037	C	T	0.03634379883144226	1.4395696800740256
22:48859246:A:G	0.00787122	0.0639824	-2.09539	-2.09304	22	48859246	A	G	0.03634558399808781	1.439548348539944
22:48483701:G:T	0.0576127	0.00392369	2.68671	2.09281	22	48483701	G	T	0.036366118786342376	1.439303047023913
22:49729396:T:C	0.0407465	0.0109622	1.31291	2.09263	22	49729396	T	C	0.03638219638641839	1.4391110862041372
22:19114465:A:G	0.00913848	0.000651811	2.6405	2.09222	22	19114465	A	G	0.0364188402008628	1.4386738889196182
22:46416709:A:T	0.0110249	0.049673	-1.50531	-2.09171	22	46416709	A	T	0.036464465420645804	1.4381301489339862
22:29685955:CT:C	0.00451237	0.000248005	2.90113	2.09149	22	29685955	CT	C	0.03648416191996684	1.4378956255032471
22:38889880:T:TA	0.0253817	0.00423412	1.79085	2.09146	22	38889880	T	TA	0.03648684850851569	1.4378636464864956
22:23831820:A:G	0.00108324	0.027258	-3.22539	-2.0913	22	23831820	A	G	0.03650117982797035	1.4376930976121283
22:19227113:G:C	0.000220366	0.0030429	-2.62528	-2.09126	22	19227113	G	C	0.03650476340718822	1.4376504619413302
22:41636099:A:AT	1.3361e-05	0.000735964	-4.00884	-2.09115	22	41636099	A	AT	0.0365146197958381	1.4375332170389397
22:41222876:G:T	2.03546e-05	0.000250719	-2.51102	-2.09108	22	41222876	G	T	0.03652089322373007	1.4374586090842567
22:30156024:AG:A	0.0083777	0.000345682	3.18781	2.09104	22	30156024	AG	A	0.03652447845197937	1.4374159768185686
22:27418409:C:A	0.00174488	0.0960684	-4.00837	-2.09074	22	27418409	C	A	0.036551377224076136	1.437096254559797
22:46422766:C:CA	0.0595616	0.0208905	1.04772	2.09045	22	46422766	C	CA	0.0365773954126801	1.4367872228118495
22:17719846:A:AAC	0.000337255	0.00521846	-2.73912	-2.09038	22	17719846	A	AAC	0.036583678028678415	1.436712633816955
22:25698573:T:C	0.00159399	0.00784402	-1.59351	-2.09035	22	25698573	T	C	0.036586370859829104	1.4366806676852457
22:31111315:AT:A	0.000558292	0.011094	-2.98928	-2.08993	22	31111315	AT	A	0.03662408823143372	1.4362331784053712
22:23994337:C:A	0.0115094	0.00284424	1.39787	2.08987	22	23994337	C	A	0.03662947913066939	1.4361692569369953
22:49149724:GGC:G	0.103807	0.00428954	3.18636	2.08974	22	49149724	GGC	G	0.036641161731554954	1.4360307652005464
22:50203007:T:G	5.44596e-05	0.00299462	-4.00711	-2.08965	22	50203007	T	G	0.03664925154541623	1.4359348901364895
22:17615382:G:C	0.00333384	0.0010911	1.11694	2.08957	22	17615382	G	C	0.03665644376844147	1.4358496704882988
22:17615161:C:G	0.00333384	0.0010911	1.11694	2.08957	22	17615161	C	G	0.03665644376844147	1.4358496704882988
22:17615284:G:C	0.00333384	0.0010911	1.11694	2.08957	22	17615284	G	C	0.03665644376844147	1.4358496704882988
22:46385427:A:G	0.0157211	0.00614451	0.939445	2.08938	22	46385427	A	G	0.03667353011737599	1.4356472837479468
22:34325739:GT:G	0.0016766	0.000331507	1.62087	2.08935	22	34325739	GT	G	0.036676228582064846	1.435615329223616
22:37196066:T:C	0.00975699	0.00235344	1.4221	2.08926	22	37196066	T	C	0.0366843249910427	1.4355194677398804
22:37191973:T:C	0.00108515	0.0215353	-2.98797	-2.08875	22	37191973	T	C	0.03673023340746224	1.4349763118602383
22:33403142:C:A	0.0576486	0.0130564	1.48509	2.08845	22	33403142	C	A	0.03675726121256217	1.4346568554084214
22:32962805:C:CATCT	2.80176e-05	0.00145466	-3.94969	-2.08806	22	32962805	C	CATCT	0.036792422684476654	1.4342416140754262
22:46027245:T:G	0.00245971	0.0113174	-1.52629	-2.0879	22	46027245	T	G	0.03680685618927374	1.4340712756790674
22:22080522:T:G	0.0021206	0.042029	-2.98666	-2.08756	22	22080522	T	G	0.03683754340078613	1.4337093394701943
22:22080601:C:T	0.0021206	0.0420275	-2.98662	-2.08753	22	22080601	C	T	0.036840252141824924	1.4336774060694208
22:49594926:T:G	1.36277e-05	0.000148428	-2.388	-2.0875	22	49594926	T	G	0.036842961052506444	1.4336454730168169
22:31877490:G:A	0.000108498	0.00119956	-2.40298	-2.08733	22	31877490	G	A	0.03685831475112464	1.4334645256285812
22:36920831:A:G	0.104492	0.0133019	2.0612	2.08726	22	36920831	A	G	0.03686463844607633	1.4333900211300394
22:49909440:G:A	0.000902375	0.00035358	0.936919	2.08722	22	49909440	G	A	0.036868252400904265	1.4333474479819408
22:33403367:T:C	0.0583891	0.0132434	1.48363	2.08712	22	33403367	T	C	0.03687728860811732	1.433241017819631
22:46399244:C:A	0.00332127	0.012782	-1.34769	-2.08697	22	46399244	C	A	0.03689084645558496	1.433081379829518
22:31003775:G:A	8.45581e-05	0.00438382	-3.94824	-2.08682	22	31003775	G	A	0.03690440854794011	1.4329217505433551
22:48819807:T:C	0.0126198	0.00286378	1.48312	2.08665	22	48819807	T	C	0.036919784052165935	1.4327408478743755
22:29773447:G:A	0.00029085	0.00728024	-3.22011	-2.08622	22	29773447	G	A	0.036958699386713895	1.432283320436561
22:41990745:CAAAAAA:C	0.00140991	0.000295398	1.56296	2.08606	22	41990745	CAAAAAA	C	0.03697318842547968	1.4321130959271962
22:29824251:TACAC:T	0.000874663	6.00073e-05	2.67937	2.08598	22	29824251	TACAC	T	0.03698043475858769	1.4320279873859938
22:19493437:T:G	0.000224174	0.0044352	-2.98491	-2.08597	22	19493437	T	G	0.036981340635255974	1.4320173489924115
22:29775282:A:G	0.000315306	0.00788598	-3.2193	-2.08544	22	29775282	A	G	0.03702937914711454	1.4314535694855999
22:32569557:CTCTCTCTCT:C	0.0183753	0.000763056	3.18143	2.08535	22	32569557	CTCTCTCTCT	C	0.03703754190563484	1.4313578441348915
22:41223346:T:A	2.04863e-05	0.000250719	-2.50457	-2.08447	22	41223346	T	A	0.03711743630931497	1.4304220280126563
22:19112039:C:G	0.00516111	0.00052773	2.28032	2.08425	22	19112039	C	G	0.037137432822061014	1.4301881207832872
22:41033986:C:T	9.24253e-05	0.00162478	-2.86672	-2.0842	22	41033986	C	T	0.03714197876297426	1.4301349626600868
22:31505209:T:C	0.000374149	9.29814e-05	1.39225	2.0842	22	31505209	T	C	0.03714197876297426	1.4301349626600868
22:31697195:G:A	5.24407e-05	0.00286524	-4.00073	-2.08413	22	31697195	G	A	0.0371483438761734	1.4300605429120594
22:49495989:C:G	0.0254545	0.00690757	1.30428	2.08411	22	49495989	C	G	0.03715016265051177	1.4300392804750046
22:31505446:G:A	0.000374114	9.29814e-05	1.39216	2.0841	22	31505446	G	A	0.03715107206611034	1.4300286493144931
22:17661398:T:C	0.00222806	0.00071059	1.14279	2.08399	22	17661398	T	C	0.03716107688868107	1.4299117091015603
22:17616122:A:C	0.00352035	0.00105727	1.20286	2.08391	22	17616122	A	C	0.037168354563961996	1.4298266646134234
22:39720982:C:CA	0.0436869	0.0177909	0.89836	2.08292	22	39720982	C	CA	0.03725851626133575	1.428774443920313
22:34214124:C:A	0.00335112	0.00070428	1.55988	2.0829	22	34214124	C	A	0.037260339626685575	1.4287531908428028
22:27956858:G:C	1.16747e-05	0.000636893	-3.99917	-2.08279	22	27956858	G	C	0.037270369493947846	1.4286363016817063
22:36486147:G:T	0.00585534	0.0020718	1.03893	2.08251	22	36486147	G	T	0.03729591043638032	1.4283387867512256
22:22079192:C:T	0.00210576	0.0414857	-2.98067	-2.08213	22	22079192	C	T	0.03733059697337997	1.427935064984712
22:39321549:G:T	5.64633e-05	0.00056876	-2.30987	-2.0819	22	39321549	G	T	0.03735160479304709	1.4276907342021936
22:17606029:G:A	0.000880554	0.00402501	-1.51973	-2.08171	22	17606029	G	A	0.03736896666779024	1.4274889111597644
22:45152263:A:ATT	0.000283424	0.010061	-3.56948	-2.08138	22	45152263	A	ATT	0.03739913782846019	1.4271384095818234
22:29822716:C:CT	3.33277e-05	0.00086923	-3.26122	-2.08137	22	29822716	C	CT	0.03740005242961512	1.4271277889792906
22:49010148:G:C	0.00117189	0.063787	-3.99693	-2.08085	22	49010148	G	C	0.03744763792901691	1.4265755709350416
22:29670312:TTTTC:T	0.000216531	1.6981e-05	2.54564	2.08054	22	29670312	TTTTC	T	0.03747603071552336	1.4262464137723196
22:28049528:A:G	6.61103e-06	0.000359682	-3.99648	-2.08046	22	28049528	A	G	0.03748336085950075	1.4261614760207133
22:43842979:A:ATCTCTC	3.89326e-05	0.00145477	-3.62077	-2.08037	22	43842979	A	ATCTCTC	0.03749160872989256	1.4260659240082834
22:31755718:T:C	5.48699e-06	2.43932e-05	-1.49192	-2.07978	22	31755718	T	C	0.037545716360902516	1.4254396050497982
22:36918465:C:G	0.0944246	0.0121147	2.05338	2.07949	22	36918465	C	G	0.037572335985627266	1.4251318026973385
22:49851047:C:T	0.000200575	0.00159799	-2.07532	-2.07927	22	49851047	C	T	0.0375925408949005	1.4248983191560824
22:22078923:G:T	0.00210588	0.0413091	-2.97635	-2.07821	22	22078923	G	T	0.03769002145710735	1.4237736153044236
22:40291753:C:T	0.000178682	0.00359104	-3.00059	-2.07821	22	40291753	C	T	0.03769002145710735	1.4237736153044236
22:21983403:T:TA	0.0128308	0.00350297	1.29824	2.07815	22	21983403	T	TA	0.03769554564999955	1.4237099658132433
22:38880465:T:A	0.00197771	0.0345371	-2.8601	-2.07776	22	38880465	T	A	0.03773146969744386	1.4232962780468505
22:22902621:G:T	0.000308854	0.00243429	-2.06454	-2.07756	22	22902621	G	T	0.037749903581237365	1.4230841532848602
22:48296221:C:T	0.00381414	0.0658819	-2.84915	-2.07742	22	48296221	C	T	0.03776281185809671	1.4229356751528561
22:23810582:G:C	0.00012702	0.00688636	-3.99295	-2.07742	22	23810582	G	C	0.03776281185809671	1.4229356751528561
22:32318227:G:A	0.0063337	0.000814781	2.05072	2.07684	22	32318227	G	A	0.037816329014284535	1.4223206321863502
22:42835981:CTT:C	0.0016242	0.000117883	2.62307	2.07681	22	42835981	CTT	C	0.037819098897029134	1.4222888231565012
22:18891209:AAT:A	0.0246424	0.00494203	1.60669	2.0765	22	18891209	AAT	A	0.03784773112580322	1.4219601502214538
22:29456586:CCT:C	0.00283381	0.000121016	3.15346	2.07637	22	29456586	CCT	C	0.037859743675910267	1.4218223306922058
22:49775557:G:A	0.00300693	0.00125328	0.875155	2.07622	22	49775557	G	A	0.03787360834040868	1.4216633162767058
22:27366605:C:T	0.00222797	0.0828538	-3.61599	-2.0762	22	27366605	C	T	0.03787545728861246	1.4216421150118264
22:34579847:C:T	0.0163635	0.000875943	2.92751	2.07585	22	34579847	C	T	0.037907826312687284	1.4212711179072635
22:34761586:T:C	0.000290992	0.00443731	-2.72451	-2.07561	22	34761586	T	C	0.03793003581128625	1.4210167472619692
22:36490905:G:C	0.00257208	0.00920884	-1.27545	-2.07556	22	36490905	G	C	0.037934664182918874	1.420963756180138
22:37192526:G:T	0.00110123	0.0215378	-2.97338	-2.07553	22	37192526	G	T	0.037937441436463035	1.4209319619949163
22:17615500:C:T	0.00333388	0.00110725	1.10226	2.07544	22	17615500	C	T	0.03794577423473013	1.4208365815266863
22:22574338:A:T	0.00210833	0.0342975	-2.78917	-2.07538	22	22574338	A	T	0.037951330298353	1.4207729962873898
22:38884941:A:C	0.00292177	0.0417171	-2.65872	-2.07518	22	38884941	A	C	0.037969855507853985	1.4205610555402421
22:47698854:C:T	0.00217699	0.000893445	0.890615	2.07503	22	47698854	C	T	0.03798375446155562	1.420402110126939
22:30647130:G:A	0.000312422	0.0116016	-3.61454	-2.07495	22	30647130	G	A	0.037991169005971784	1.420317342796114
22:32676530:CTTTTTTTTT:C	0.0165198	0.000836358	2.98326	2.0748	22	32676530	CTTTTTTTTT	C	0.03800507459450013	1.4201584107187701
22:30521833:C:CTCT	0.00340302	0.000788829	1.46187	2.07444	22	30521833	C	CTCT	0.03803846566869017	1.4197770092178037
22:22024604:TTG:T	0.00913935	0.0256552	-1.03216	-2.07444	22	22024604	TTG	T	0.03803846566869017	1.4197770092178037
22:32286328:G:A	0.0503879	0.004234	2.4766	2.07426	22	32286328	G	A	0.038055170559534106	1.4195863272530438
22:29450350:A:G	0.00408025	0.000174671	3.15101	2.07422	22	29450350	A	G	0.038058883604601676	1.419543955183841
22:39109227:C:T	0.0207398	0.00417048	1.60402	2.07408	22	39109227	C	T	0.03807188168859422	1.4193956578119076
22:27412402:G:A	0.000948793	0.048455	-3.9332	-2.07397	22	27412402	G	A	0.03808209711698178	1.419279143762998
22:27412408:C:T	0.000948793	0.048455	-3.9332	-2.07397	22	27412408	C	T	0.03808209711698178	1.419279143762998
22:25087218:A:C	0.0132363	0.00224922	1.77238	2.07335	22	25087218	A	C	0.038139718589237336	1.4186225156841465
22:46385867:C:T	0.00306551	0.0155828	-1.62595	-2.07334	22	46385867	C	T	0.03814064857499795	1.418611926126201
22:46506173:CAAAAAAAAA:C	0.0305493	0.00709068	1.46056	2.07326	22	46506173	CAAAAAAAAA	C	0.03814808915525921	1.418527211054068
22:22936629:G:A	0.0584705	0.00993904	1.77205	2.07303	22	22936629	G	A	0.03816948769895329	1.4182836690006195
22:45174804:C:A	0.000466198	0.016392	-3.55994	-2.07276	22	45174804	C	A	0.03819462075053122	1.417997797896264
22:45170327:C:G	0.000300184	0.0111182	-3.61194	-2.07268	22	45170327	C	G	0.038202070282323246	1.4179131007577739
22:43863195:A:C	1.93131e-05	0.000332016	-2.8444	-2.07247	22	43863195	A	C	0.038221631181208256	1.4176907825379113
22:26591466:C:CA	0.00977255	0.00166234	1.77135	2.07234	22	26591466	C	CA	0.03823374457612374	1.4175531655146263
22:25576996:G:A	0.00423895	0.00151743	1.0273	2.072	22	25576996	G	A	0.038265441195356284	1.4171932749490836
22:19371499:C:T	1.008e-05	0.000260346	-3.25146	-2.07156	22	19371499	C	T	0.038306493509850374	1.4167276005363638
22:28830582:T:G	4.89336e-05	0.000524359	-2.37171	-2.07156	22	28830582	T	G	0.038306493509850374	1.4167276005363638
22:46485929:CTTTTTTTTT:C	0.0309942	0.00482047	1.86093	2.07081	22	46485929	CTTTTTTTTT	C	0.03837655534972783	1.4159340097918671
22:48393096:AC:A	0.00301254	0.0113658	-1.32782	-2.07045	22	48393096	AC	A	0.03841022370549129	1.415553163447229
22:34809159:T:A	0.00137275	0.000336595	1.40569	2.06993	22	34809159	T	A	0.038458900098913035	1.415003140477241
22:46397430:A:C	0.0124675	0.00498619	0.916456	2.06974	22	46397430	A	C	0.03847669877826512	1.4148021966104616
22:34192739:C:T	0.000331789	0.0116246	-3.55638	-2.06954	22	34192739	C	T	0.03849544179335697	1.414590691821091
22:33797847:C:T	0.000216279	0.0109872	-3.92792	-2.06946	22	33797847	C	T	0.03850294117191293	1.4145060942332086
22:48859260:G:GCATCCATCC	0.00802769	0.0636524	-2.07054	-2.06937	22	48859260	G	GCATCCATCC	0.03851137945698695	1.4144109249029044
22:36918728:A:T	0.0943907	0.0122368	2.043	2.06916	22	36918728	A	T	0.03853107490146019	1.4141888753041234
22:33377516:T:C	0.0204117	0.00562561	1.28878	2.06882	22	33377516	T	C	0.03856298091393031	1.41382940255879
22:19246092:C:T	4.70757e-05	0.000634592	-2.60123	-2.06878	22	19246092	C	T	0.038566736038209655	1.4137871145842165
22:34757640:A:G	0.00773834	0.000200693	3.65217	2.06855	22	34757640	A	G	0.03858833403398904	1.413543970727996
22:43532580:CT:C	0.00770355	0.00131568	1.76732	2.06839	22	43532580	CT	C	0.038603364788391784	1.4133748392312666
22:32551527:GA:G	0.0901931	0.0124801	1.97782	2.06835	22	32551527	GA	G	0.038607123254308345	1.4133325579026375
22:44694128:A:G	0.00272132	0.0568568	-3.03942	-2.06798	22	44694128	A	G	0.0386419038083286	1.4129414849200106
22:32049095:T:TAA	0.000104367	0.000992203	-2.25202	-2.06747	22	32049095	T	TAA	0.03868988821373526	1.4124025250791703
22:49912068:C:CCCGGGATCA	0.00134584	0.000484214	1.02225	2.06744	22	49912068	C	CCCGGGATCA	0.03869271240187921	1.4123708246887063
22:36489112:A:C	0.00113972	0.00574954	-1.61834	-2.06715	22	36489112	A	C	0.038720021919529064	1.41206440550807
22:17671394:CA:C	3.65018e-05	0.00013714	-1.32364	-2.06698	22	17671394	CA	C	0.03873603856032059	1.4118847955777318
22:38893210:T:C	0.00428554	0.0606979	-2.65066	-2.06697	22	38893210	T	C	0.038736980890944725	1.4118742306354304
22:37205266:A:G	0.0188745	0.00196517	2.26223	2.06692	22	37205266	A	G	0.03874169283623992	1.4118214065034516
22:32676528:CTTTTTT:C	0.0156327	0.00088199	2.87494	2.06677	22	32676528	CTTTTTT	C	0.03875583159419503	1.4116629399027665
22:50133468:A:G	5.76928e-05	0.00114707	-2.98983	-2.06671	22	50133468	A	G	0.03876148832481457	1.4115995556964855
22:19246352:G:A	4.64638e-05	0.000624805	-2.59877	-2.06648	22	19246352	G	A	0.03878317895799042	1.4113565957903302
22:32242141:G:T	0.00251911	0.0197749	-2.06051	-2.06617	22	32242141	G	T	0.03881243047556179	1.4110291604273488
22:42575667:A:G	3.69399e-05	0.000366834	-2.29562	-2.06616	22	42575667	A	G	0.038813374384894544	1.411018598614421
22:19582833:T:C	0.00296017	0.0245553	-2.11568	-2.06613	22	19582833	T	C	0.03881620622991137	1.4109869134074364
22:26052231:A:G	0.00568695	0.0568266	-2.30183	-2.0655	22	26052231	A	G	0.03887571553650542	1.410321604378069
22:34935639:C:A	0.0195517	0.00417979	1.5428	2.06539	22	34935639	C	A	0.03888611399414001	1.410205455032685
22:31261422:T:C	1.37456e-05	0.000352845	-3.24531	-2.06538	22	31261422	T	C	0.038887059425624114	1.4101948962330753
22:32191919:G:GA	0.0208377	0.00576399	1.28514	2.06523	22	32191919	G	GA	0.0389012432412933	1.4100365188746669
22:42965073:G:A	0.00396531	0.000291602	2.60995	2.0652	22	42965073	G	A	0.038904080531746627	1.410004844446023
22:39316931:G:A	4.1564e-05	0.00209916	-3.92206	-2.06445	22	39316931	G	A	0.038975069947360066	1.4092130967234635
22:42255530:A:C	0.000108841	0.00581281	-3.97793	-2.06444	22	42255530	A	C	0.03897601721572784	1.409202541555088
22:38129140:G:A	0.0143931	0.000449962	3.46534	2.06434	22	38129140	G	A	0.038985490975035876	1.409096991995925
22:17615600:A:G	0.00332568	0.00111807	1.09007	2.06371	22	17615600	A	G	0.0390452206473341	1.4084321185989737
22:26552921:A:G	0.0112745	0.00146977	2.03744	2.06364	22	26552921	A	G	0.03905186207292092	1.4083582532408627
22:45173964:C:T	0.00718579	0.000610463	2.46564	2.06348	22	45173964	C	T	0.039067046077284735	1.4081894252439644
22:38893360:G:A	0.00430125	0.0606979	-2.647	-2.06323	22	38893360	G	A	0.039090781122231424	1.4079256512949103
22:49010318:G:T	0.00119614	0.063787	-3.97645	-2.06316	22	49010318	G	T	0.03909742912906891	1.4078517989153034
22:49010289:G:A	0.00119614	0.063787	-3.97645	-2.06316	22	49010289	G	A	0.03909742912906891	1.4078517989153034
22:33100263:G:A	0.00310378	0.0644931	-3.03394	-2.06295	22	33100263	G	A	0.03911737891110058	1.4076302531324392
22:17615973:G:A	0.00338216	0.00113797	1.08927	2.06293	22	17615973	G	A	0.03911927934114387	1.4076091544224574
22:17615977:T:A	0.00338216	0.00113797	1.08927	2.06293	22	17615977	T	A	0.03911927934114387	1.4076091544224574
22:44830224:G:A	0.0218389	0.00123732	2.87075	2.06281	22	44830224	G	A	0.039130683568115304	1.4074825654070766
22:34793409:G:A	0.0023657	0.000102627	3.13773	2.06257	22	34793409	G	A	0.039153500492552236	1.4072294040622542
22:20739019:A:G	7.01732e-05	9.15816e-06	2.03632	2.06252	22	20739019	A	G	0.039158255440336	1.407176664915694
22:29194992:C:CA	0.00236892	0.0186483	-2.06332	-2.06249	22	29194992	C	CA	0.03916110864438814	1.4071450218912487
22:36488425:AT:A	0.00113828	0.00570735	-1.61223	-2.06219	22	36488425	AT	A	0.0391896503963516	1.4068286107656478
22:17606375:CA:C	0.000880554	0.00394253	-1.49903	-2.06216	22	17606375	CA	C	0.03919250554287603	1.406796971564958
22:17606137:C:A	0.000880554	0.00394253	-1.49903	-2.06216	22	17606137	C	A	0.03919250554287603	1.406796971564958
22:17606292:G:A	0.000880554	0.00394253	-1.49903	-2.06216	22	17606292	G	A	0.03919250554287603	1.406796971564958
22:17606179:C:A	0.000880554	0.00394253	-1.49903	-2.06216	22	17606179	C	A	0.03919250554287603	1.406796971564958
22:17606484:TA:T	0.000880554	0.00394253	-1.49903	-2.06216	22	17606484	TA	T	0.03919250554287603	1.406796971564958
22:22081055:G:A	0.00218201	0.0420187	-2.95787	-2.06146	22	22081055	G	A	0.03925917579182858	1.4060588222301074
22:47227331:GT:G	0.0440787	0.00614393	1.97051	2.06144	22	47227331	GT	G	0.03926108207024782	1.4060377350299083
22:49996657:G:A	0.000321638	0.0111667	-3.54726	-2.06131	22	49996657	G	A	0.039273474795841354	1.4059006719942089
22:42572216:G:T	0.000707891	0.000285936	0.906523	2.06125	22	42572216	G	T	0.03927919563551592	1.4058374143329921
22:30618904:G:A	0.000170102	0.0062175	-3.59872	-2.06115	22	30618904	G	A	0.03928873194071448	1.405731987987317
22:39812449:A:G	0.000490845	0.0246942	-3.91819	-2.06115	22	39812449	A	G	0.03928873194071448	1.405731987987317
22:48610936:ATT:A	0.0507836	0.0125708	1.3962	2.06098	22	48610936	ATT	A	0.03930494817117884	1.4055527720631393
22:26627046:GCAAA:G	0.016251	0.00138432	2.46294	2.06082	22	26627046	GCAAA	G	0.03932021569675094	1.4053841084479446
22:44378403:TCTCCCTCTC:T	0.00777146	0.00183946	1.44098	2.06071	22	44378403	TCTCCCTCTC	T	0.03933071504120403	1.4052681579475785
22:32286034:G:C	0.0503926	0.0042939	2.46265	2.06053	22	32286034	G	C	0.03934790092110072	1.4050784308449038
22:32286032:A:G	0.0503926	0.0042939	2.46265	2.06053	22	32286032	A	G	0.03934790092110072	1.4050784308449038
22:32286192:G:A	0.0503926	0.0042939	2.46265	2.06053	22	32286192	G	A	0.03934790092110072	1.4050784308449038
22:45156694:CTTTA:C	0.00725563	0.00022811	3.4597	2.05976	22	45156694	CTTTA	C	0.03942149028711803	1.404266961709598
22:46472766:T:C	0.0431247	0.00678479	1.84941	2.05954	22	46472766	T	C	0.03944253726831964	1.404035155440075
22:49412302:C:T	0.0501876	0.00789734	1.84924	2.05938	22	49412302	C	T	0.03945785015468865	1.4038665808017803
22:42967189:C:G	0.00389526	0.000288346	2.60336	2.05937	22	42967189	C	G	0.03945880737763111	1.4038560452151276
22:27424912:A:T	0.00535034	0.127086	-3.16771	-2.05896	22	27424912	A	T	0.03949807049469603	1.4034241194108499
22:34198464:G:T	0.00251379	0.00037041	1.91493	2.05893	22	34198464	G	T	0.039500944707336685	1.4033925176323463
22:24758923:TCTAA:T	0.0143558	0.00081715	2.86609	2.05841	22	24758923	TCTAA	T	0.03955079260942145	1.4028448086909866
22:31261322:C:T	8.99353e-06	0.000198072	-3.09213	-2.05839	22	31261322	C	T	0.039552710902254304	1.4028237450476546
22:49918078:G:A	0.00349866	0.00113515	1.12561	2.05828	22	49918078	G	A	0.03956326292455336	1.4027078977702234
22:44383097:T:A	0.00123547	0.0272051	-3.09195	-2.05823	22	44383097	T	A	0.03956806008817265	1.402655241461397
22:25695339:T:C	0.00238604	0.0113196	-1.5569	-2.05822	22	25695339	T	C	0.03956901958014032	1.4026447103154727
22:25560184:T:A	0.00989794	0.0044791	0.792903	2.05822	22	25560184	T	A	0.03956901958014032	1.4026447103154727
22:32140834:A:G	0.000170438	0.000605447	-1.2676	-2.05803	22	32140834	A	G	0.03958725368012506	1.402444625879464
22:27872663:CT:C	0.000149043	0.00118028	-2.06927	-2.0579	22	27872663	CT	C	0.039599733752091616	1.4023077340337338
22:48585657:GCACACACAC:G	0.104082	0.00445801	3.15047	2.05776	22	48585657	GCACACACAC	G	0.039613177563988425	1.402160319343841
22:34758225:GGTTGATATA:G	0.00796941	0.000209401	3.63912	2.0577	22	34758225	GGTTGATATA	G	0.039618940383385495	1.402097143936352
22:36488128:A:T	0.00113828	0.0056749	-1.60653	-2.05755	22	36488128	A	T	0.03963335054498247	1.4019392114990545
22:46321928:T:G	0.000904394	0.00335829	-1.31192	-2.05723	22	46321928	T	G	0.039664107091020806	1.4016023180022166
22:25187474:AT:A	0.0177796	0.00187011	2.25205	2.05717	22	25187474	AT	A	0.03966987619794894	1.4015391548732536
22:35485488:T:C	0.0614965	0.0258149	0.868027	2.05717	22	35485488	T	C	0.03966987619794894	1.4015391548732536
22:42581295:A:G	0.000113487	1.48913e-05	2.03091	2.05714	22	42581295	A	G	0.03967276101845612	1.40150757383002
22:49851548:G:T	0.000200576	0.00155807	-2.05001	-2.05688	22	49851548	G	T	0.039697770254975805	1.4012338860115738
22:40288275:T:TCCA	0.000296655	7.04625e-05	1.43749	2.05684	22	40288275	T	TCCA	0.03970161901710567	1.4011917825099778
22:44621485:C:T	0.026744	0.00905799	1.08266	2.05657	22	44621485	C	T	0.03972760644523651	1.4009076000324805
22:17616604:G:A	0.00336142	0.00113856	1.0826	2.05651	22	17616604	G	A	0.03973338338924301	1.4008444521931713
22:17616579:T:C	0.00336142	0.00113856	1.0826	2.05651	22	17616579	T	C	0.03973338338924301	1.4008444521931713
22:48522638:C:T	0.00409509	0.0970313	-3.16525	-2.05645	22	48522638	C	T	0.03973916104611402	1.4007813057437992
22:43359310:G:A	0.00193236	0.0158718	-2.1058	-2.05631	22	43359310	G	A	0.0397526450181082	1.4006339694338745
22:19369990:T:C	9.74605e-06	0.000247915	-3.23622	-2.05625	22	19369990	T	C	0.03975842505167954	1.4005708276175848
22:34138144:C:CGTGTGT	0.00108198	0.0223088	-3.02619	-2.05583	22	34138144	C	CGTGTGT	0.039798905258799026	1.4001288738208237
22:30510207:A:G	0.00152833	0.000358754	1.4493	2.05557	22	30510207	A	G	0.039823981956649865	1.399855317504495
22:29444313:C:T	0.000339752	0.0117202	-3.54085	-2.05551	22	29444313	C	T	0.03982977079050309	1.399792192830093
22:32193036:C:T	0.0200824	0.00561089	1.27513	2.05536	22	32193036	C	T	0.03984424599896491	1.3996343872246557
22:30174454:C:G	0.00068957	0.0135648	-2.97917	-2.05531	22	30174454	C	G	0.039849072060278684	1.3995817872865053
22:27897992:G:C	0.000250759	0.00374671	-2.70414	-2.05503	22	27897992	G	C	0.03987610717041332	1.3992872454689147
22:49172304:T:C	0.0465702	0.0033032	2.64607	2.05497	22	49172304	T	C	0.039881902432546044	1.3992241333029423
22:17606835:C:G	0.000880554	0.00391216	-1.49129	-2.05486	22	17606835	C	G	0.03989252893578545	1.399108431274938
22:29241950:A:G	0.0325725	0.00775115	1.43563	2.05479	22	29241950	A	G	0.03989929250674982	1.3990348051437953
22:43656883:G:A	0.00153769	0.000382923	1.39021	2.05443	22	43656883	G	A	0.03993409195633549	1.3986561863494855
22:20507862:G:T	0.00328828	0.16412	-3.91023	-2.05435	22	20507862	G	T	0.03994182866335068	1.3985720556340149
22:34378595:C:A	0.000435198	0.00469601	-2.37867	-2.05377	22	34378595	C	A	0.039997957828437916	1.3979621818340728
22:32474819:C:T	0.00159557	0.0841348	-3.96519	-2.05342	22	32474819	C	T	0.04003186123867356	1.3975942173669402
22:39360849:G:C	0.0019622	0.0117185	-1.7871	-2.0531	22	39360849	G	C	0.040062879972628036	1.397257834092288
22:29799536:C:G	4.413e-05	0.00151809	-3.53807	-2.053	22	29799536	C	G	0.04007257750718129	1.3971527224251796
22:23828303:G:A	0.000617595	0.032548	-3.96464	-2.05295	22	23828303	G	A	0.040077427021104006	1.3971001680391502
22:48170111:A:G	0.0017874	0.0432041	-3.18518	-2.05259	22	48170111	A	G	0.040112358219254705	1.3967218049467143
22:47390912:G:A	0.0185437	0.00310979	1.78557	2.05257	22	47390912	G	A	0.04011429959834688	1.3967007862417073
22:23832214:GC:G	0.00112825	0.0272617	-3.18481	-2.05223	22	23832214	GC	G	0.04014731523873813	1.3963434918793582
22:35483265:A:C	0.0514147	0.0216952	0.862832	2.05162	22	35483265	A	C	0.04020660695187421	1.395702575597764
22:40081308:G:GTT	3.98847e-05	0.000940563	-3.16049	-2.0516	22	40081308	G	GTT	0.04020855219919251	1.39568156438084
22:26483980:GGAGGCGGCG:G	5.81841e-05	0.00147295	-3.23141	-2.05141	22	26483980	GGAGGCGGCG	G	0.04022703603004288	1.3954819655201673
22:29680257:G:A	0.000118848	0.00280122	-3.15996	-2.05107	22	29680257	G	A	0.04026013034491876	1.395124823387073
22:35356305:G:A	0.0248681	0.00369446	1.90675	2.05083	22	35356305	G	A	0.04028350493707459	1.3948727499205735
22:36981395:CAG:C	0.0510315	0.00280203	2.9021	2.05082	22	36981395	CAG	C	0.040284479128119464	1.3948622473419117
22:17679213:G:A	4.178e-05	0.00143373	-3.53562	-2.05078	22	17679213	G	A	0.040288376092093105	1.3948202374132175
22:42647169:G:C	0.000428523	0.00935846	-3.08369	-2.05073	22	42647169	G	C	0.0402932477466206	1.3947677258707387
22:42647232:G:T	0.000428523	0.00935846	-3.08369	-2.05073	22	42647232	G	T	0.0402932477466206	1.3947677258707387
22:46405459:CA:C	0.00478813	0.0176323	-1.30359	-2.05031	22	46405459	CA	C	0.04033418937060973	1.3943266670068428
22:49836032:C:CA	0.00253783	0.00103906	0.892992	2.04969	22	49836032	C	CA	0.04039469147675128	1.393675704538778
22:29020759:GTT:G	0.000213982	0.00163815	-2.03543	-2.04967	22	29020759	GTT	G	0.04039664443811718	1.393654708219429
22:31814314:G:A	0.000412673	0.00229659	-1.71653	-2.04959	22	31814314	G	A	0.040404457084207354	1.3935707244857256
22:48169900:A:G	0.0344763	0.00189633	2.90035	2.04909	22	48169900	A	G	0.04045331515405458	1.3930458821081495
22:19373207:C:G	0.000261003	1.12889e-05	3.14072	2.04906	22	19373207	C	G	0.04045624823049346	1.3930143946335005
22:46395555:C:T	0.0123816	0.00507501	0.891886	2.04875	22	46395555	C	T	0.04048656724654516	1.3926890443993578
22:19224142:C:T	0.000274039	0.00361578	-2.57979	-2.04873	22	19224142	C	T	0.04048852397344286	1.39266805533515
22:45169487:A:G	0.000293795	0.0105848	-3.58429	-2.04856	22	45169487	A	G	0.04050515938950226	1.392489654521645
22:49994175:C:A	0.000248614	0.00533093	-3.06538	-2.04848	22	49994175	C	A	0.04051298982547061	1.3924057050566057
22:45172623:G:A	0.000459047	0.0157073	-3.53273	-2.04817	22	45172623	G	A	0.040543344887887724	1.3920804242067255
22:19993025:A:G	0.00153848	0.0258368	-2.82101	-2.04808	22	19993025	A	G	0.040552161258683585	1.3919859947769315
22:34688180:G:C	0.000330498	7.82295e-05	1.44095	2.04791	22	34688180	G	C	0.04056881883801988	1.39180763660422
22:41215456:T:C	1.11397e-05	0.000199322	-2.8844	-2.04734	22	41215456	T	C	0.04062471305831077	1.3912096935240195
22:36490727:T:A	0.00695589	0.00255899	0.999976	2.04731	22	36490727	T	A	0.04062765666678622	1.3911782263084134
22:44859505:A:G	0.00034894	0.00838801	-3.17966	-2.04727	22	44859505	A	G	0.04063158175933249	1.3911362705611494
22:25466039:AT:A	0.00216485	5.76032e-05	3.62653	2.04724	22	25466039	AT	A	0.040634525789687514	1.3911048041558578
22:43359138:T:C	0.00193578	0.0157554	-2.09667	-2.04723	22	43359138	T	C	0.04063550717332094	1.3910943154312663
22:29994394:CA:C	0.000194564	3.28063e-05	1.78014	2.04676	22	29994394	CA	C	0.04068165487259134	1.3906013889003113
22:46469241:C:T	0.0444418	0.0070842	1.83631	2.04672	22	46469241	C	T	0.040685584386724004	1.3905594416419
22:49366861:C:T	0.0499107	0.00159456	3.44364	2.04671	22	49366861	C	T	0.04068656681552481	1.3905489549237595
22:36214525:C:T	0.0425855	0.0106727	1.38382	2.04668	22	36214525	C	T	0.04068951422257449	1.3905174950008479
22:36491093:C:T	0.00695104	0.00255899	0.999278	2.04668	22	36491093	C	T	0.04068951422257449	1.3905174950008479
22:33378373:T:C	0.0199437	0.00562552	1.2656	2.04596	22	33378373	T	C	0.04076030630448433	1.3897625610285285
22:27418476:C:G	0.00177629	0.0928581	-3.95654	-2.04595	22	27418476	C	G	0.04076129026236147	1.3897520772427714
22:41649780:C:T	1.31749e-05	0.000688721	-3.95653	-2.04594	22	41649780	C	T	0.040762274240370065	1.389741593495598
22:39108597:C:A	0.0201517	0.0041804	1.57288	2.04585	22	39108597	C	A	0.040771130948416445	1.3896472415072663
22:33090390:G:A	0.00187918	0.0383121	-3.01493	-2.04549	22	33090390	G	A	0.040806574091935575	1.3892698648058113
22:19589072:A:T	0.00364391	0.0429282	-2.46647	-2.04541	22	19589072	A	T	0.04081445389121687	1.3891860101070512
22:49788312:C:A	0.000587908	0.00450782	-2.037	-2.04537	22	49788312	C	A	0.04081839427440962	1.3891440836836328
22:48793838:T:C	0.0248985	0.00624844	1.38248	2.04537	22	48793838	T	C	0.04081839427440962	1.3891440836836328
22:32371496:T:TA	0.00138826	0.000348461	1.38228	2.04518	22	32371496	T	TA	0.040837115497622666	1.3889449416024415
22:33252251:TC:T	0.00857808	0.00284015	1.10535	2.04496	22	33252251	TC	T	0.04085880179378226	1.3887143734348144
22:25336952:T:C	0.00025674	0.0126685	-3.89881	-2.04459	22	25336952	T	C	0.04089529621008312	1.3883266418088906
22:30510088:A:AACACACACA	0.00150987	0.000358754	1.43714	2.04441	22	30510088	A	AACACACACA	0.04091306023566522	1.388138034709491
22:36230508:G:T	0.0421584	0.0109005	1.35262	2.04415	22	36230508	G	T	0.040938730927050845	1.3878656242998326
22:21009017:G:A	0.00228911	0.0548464	-3.17637	-2.04411	22	21009017	G	A	0.04094268147532647	1.3878237173207617
22:37194167:A:T	0.00112097	0.0211725	-2.9385	-2.04391	22	37194167	A	T	0.04096243906251756	1.3876141916841982
22:37194163:A:C	0.00112097	0.0211725	-2.9385	-2.04391	22	37194163	A	C	0.04096243906251756	1.3876141916841982
22:37194262:C:G	0.00112097	0.0211725	-2.9385	-2.04391	22	37194262	C	G	0.04096243906251756	1.3876141916841982
22:30505003:G:T	0.000204541	0.0100836	-3.8979	-2.04381	22	30505003	G	T	0.04097232088527998	1.3875094346526182
22:38893878:G:T	0.00441431	0.0610968	-2.62761	-2.04345	22	38893878	G	T	0.041007912173945525	1.3871323412810679
22:45183035:C:T	0.000745413	0.0253725	-3.52748	-2.04343	22	45183035	C	T	0.041009890235602656	1.3871113931152432
22:42987493:CCCAT:C	0.00219825	0.000140656	2.7491	2.04307	22	42987493	CCCAT	C	0.041045509171892716	1.386734352516688
22:31261196:C:T	9.14727e-06	0.000198072	-3.07518	-2.043	22	31261196	C	T	0.041052438119106346	1.386661044872667
22:48794185:G:A	0.00360446	0.0408035	-2.4266	-2.04298	22	48794185	G	A	0.0410544180003222	1.3866401001786994
22:34199764:T:G	0.000176285	0.00599697	-3.52691	-2.04291	22	34199764	T	G	0.041061348221672324	1.386566794964942
22:40458810:G:A	9.65068e-05	4.15946e-05	0.841644	2.04254	22	40458810	G	A	0.041097995858921	1.3861793559495612
22:47599559:G:A	0.0981468	0.0325742	1.10294	2.04245	22	47599559	G	A	0.04110691433783077	1.3860851220118704
22:44308911:TG:T	0.0900001	0.0226595	1.37923	2.04245	22	44308911	TG	T	0.04110691433783077	1.3860851220118704
22:25037020:T:G	0.0404416	0.00709248	1.74082	2.04241	22	25037020	T	G	0.04111087863249685	1.386043241264717
22:25049557:C:G	0.000393934	0.0140923	-3.5772	-2.04238	22	25049557	C	G	0.0411138520660427	1.3860118311093816
22:29778240:A:G	0.00627506	0.000330401	2.94403	2.0422	22	29778240	A	G	0.04113169649364737	1.3858233774678472
22:29187556:CA:C	0.0110095	0.00277344	1.37867	2.04167	22	29187556	CA	C	0.04118427652517345	1.3852685587657578
22:38894229:T:A	0.00442239	0.0610968	-2.62578	-2.04159	22	38894229	T	A	0.04119221807742973	1.3851848219583112
22:44781679:C:G	0.00514905	0.00222171	0.840536	2.04143	22	44781679	C	G	0.04120810507363558	1.3850173557492513
22:38894555:C:T	0.00442353	0.0610968	-2.62552	-2.04133	22	38894555	C	T	0.041218037081728345	1.384912694382918
22:38894490:T:C	0.00442353	0.0610968	-2.62552	-2.04133	22	38894490	T	C	0.041218037081728345	1.384912694382918
22:31169108:A:G	0.000686706	0.000103002	1.89715	2.04132	22	31169108	A	G	0.04121903039405362	1.3849022284584278
22:39378520:A:G	0.0132556	0.00564763	0.853187	2.0413	22	39378520	A	G	0.04122101707953508	1.3848812967251627
22:32500535:TCCC:T	0.0526467	0.00175094	3.40345	2.04127	22	32500535	TCCC	T	0.041223997259839516	1.3848498994145495
22:41623247:C:T	1.99203e-05	0.000332353	-2.81446	-2.04126	22	41623247	C	T	0.04122499069383086	1.3848394337214875
22:41800907:C:G	1.93883e-05	0.000452454	-3.15002	-2.04094	22	41800907	C	G	0.04125679129046396	1.3845045519090182
22:42004116:T:C	0.000391103	2.0624e-05	2.94251	2.04094	22	42004116	T	C	0.04125679129046396	1.3845045519090182
22:46304845:T:G	0.000688138	0.00250445	-1.29183	-2.04054	22	46304845	T	G	0.041296571253402324	1.3840860051848327
22:34794434:C:A	0.00264	0.000117526	3.11187	2.03987	22	34794434	C	A	0.04136327547197432	1.3833850776733159
22:30313346:ATGTGTG:A	0.00838558	0.000373348	3.11176	2.03977	22	30313346	ATGTGTG	A	0.04137323914736307	1.3832804764756068
22:21695080:G:T	0.000231084	0.0113379	-3.89312	-2.03973	22	21695080	G	T	0.041377225186619924	1.383238637076416
22:44859556:C:G	0.000351936	0.00838801	-3.17111	-2.03904	22	44859556	C	G	0.041446035574385205	1.3825170045711208
22:19111767:C:G	0.000398217	0.00858343	-3.07059	-2.03884	22	19111767	C	G	0.04146599872005926	1.3823078700528573
22:34195339:T:C	0.000202873	0.00994311	-3.89206	-2.03882	22	34195339	T	C	0.04146799548239463	1.3822869574494687
22:49141319:C:A	0.00421121	0.0700824	-2.81192	-2.03861	22	49141319	C	A	0.04148896640327772	1.3820673844273392
22:46503182:C:G	0.0243899	0.00693211	1.25801	2.03847	22	46503182	C	G	0.04150295200576571	1.3819210118609362
22:27365732:A:T	0.00318944	0.107963	-3.52195	-2.03843	22	27365732	A	T	0.04150694862535214	1.3818791925159954
22:36214338:A:T	0.042458	0.0107345	1.37505	2.03815	22	36214338	A	T	0.041534934088407985	1.381586474378073
22:36214340:A:G	0.042458	0.0107345	1.37505	2.03815	22	36214340	A	G	0.041534934088407985	1.381586474378073
22:43672711:G:A	0.000121844	0.00204264	-2.81926	-2.03807	22	43672711	G	A	0.04154293286894206	1.3815028461775458
22:17718835:G:C	0.000123143	0.00602774	-3.89078	-2.03773	22	17718835	G	C	0.04157694223895123	1.3811474538593296
22:17718876:G:T	0.000123143	0.00602774	-3.89078	-2.03773	22	17718876	G	T	0.04157694223895123	1.3811474538593296
22:21040778:AAAAAAAC:A	0.0280001	0.00229722	2.50051	2.03748	22	21040778	AAAAAAAC	A	0.04160196416557474	1.3808861644181312
22:32184148:A:AAAAG	0.0220817	0.00763304	1.06227	2.03693	22	32184148	A	AAAAG	0.04165705728638993	1.3803114124828872
22:39756288:G:GTC	0.000261268	0.00527716	-3.0056	-2.03691	22	39756288	G	GTC	0.041659061835951076	1.380290514610484
22:48807863:A:G	0.0660301	0.018797	1.25642	2.0369	22	48807863	A	G	0.0416600641413553	1.3802800657321226
22:39119793:T:C	0.00473891	0.0362935	-2.03583	-2.03631	22	39119793	T	C	0.04171923630762108	1.379663650159737
22:46368402:A:G	0.00359239	0.0174467	-1.58033	-2.03626	22	46368402	A	G	0.04172425416664011	1.3796114177213965
22:42576015:G:A	3.36507e-05	0.000678907	-3.00445	-2.03586	22	42576015	G	A	0.04176441543484266	1.3791935929172598
22:49806999:CAA:C	0.000195265	0.00150564	-2.04262	-2.03537	22	49806999	CAA	C	0.04181365757951204	1.3786818416071325
22:48601957:CACAT:C	0.0448998	0.0039269	2.43658	2.0349	22	48601957	CACAT	C	0.041860936008129	1.3781910650890496
22:43656309:A:G	0.00155418	0.000394038	1.37226	2.03484	22	43656309	A	G	0.04186697480773582	1.3781284188979397
22:33193013:A:AT	0.00870768	0.00153907	1.73303	2.03477	22	33193013	A	AT	0.04187402100584477	1.3780553334292367
22:46364584:C:G	0.0159139	0.00530514	1.09851	2.03465	22	46364584	C	G	0.041886102537776054	1.3779300484495807
22:44866569:A:G	0.0119595	0.0011586	2.33432	2.03451	22	44866569	A	G	0.04190020138707893	1.3777838896569286
22:46384895:TA:T	0.00340517	0.0164982	-1.57796	-2.03433	22	46384895	TA	T	0.04191833438076154	1.3775959823128678
22:34501003:T:C	2.4266e-05	1.35521e-06	2.88512	2.03408	22	34501003	T	C	0.04194353011193724	1.3773350206132309
22:42585672:T:C	3.93785e-05	0.0004588	-2.45539	-2.03404	22	42585672	T	C	0.041947562618102376	1.377293268977387
22:29763292:CAATAAATA:C	0.00295293	0.00021427	2.62332	2.03378	22	29763292	CAATAAATA	C	0.041973781906627615	1.3770218983800515
22:31211848:G:C	0.000579516	0.00012184	1.55948	2.0337	22	31211848	G	C	0.04198185216976868	1.3769384049778748
22:42591820:G:A	0.000884948	3.89438e-05	3.12341	2.03364	22	42591820	G	A	0.04198790572884162	1.3768757865454393
22:49839991:A:G	0.00213237	0.000517035	1.41688	2.03362	22	49839991	A	G	0.04198992374601607	1.3768549140430442
22:45174963:A:AT	0.000469236	0.0157949	-3.51633	-2.03336	22	45174963	A	AT	0.04201616543941858	1.3765835855447959
22:48634676:CTCAG:C	0.0341428	0.00281404	2.49593	2.03311	22	48634676	CTCAG	C	0.04204141092348233	1.3763227173345542
22:17439056:G:C	0.00147046	0.0348252	-3.16477	-2.03294	22	17439056	G	C	0.042058585183681024	1.3761453407142452
22:41629652:G:GTATT	1.49802e-05	0.000771348	-3.94141	-2.03287	22	41629652	G	GTATT	0.0420656586632642	1.3760723065205909
22:25047484:T:C	0.000399647	0.0141389	-3.5661	-2.0327	22	25047484	T	C	0.04208284130478071	1.3758949456287939
22:17615761:G:A	0.00335972	0.00106399	1.14983	2.03256	22	17615761	G	A	0.04209699617449174	1.3757488920832044
22:31791650:T:C	0.00026302	0.00143834	-1.69902	-2.03237	22	31791650	T	C	0.0421162127984603	1.3755506886422717
22:32474141:C:CT	0.00163492	0.0841348	-3.94083	-2.03237	22	32474141	C	CT	0.0421162127984603	1.3755506886422717
22:25100212:G:A	0.000587594	0.0145948	-3.21239	-2.03228	22	25100212	G	A	0.04212531800016331	1.375456807659005
22:38894624:T:G	0.00443642	0.060725	-2.61651	-2.03213	22	38894624	T	G	0.04214049703765133	1.375300346292317
22:35004579:G:A	0.107463	0.0461929	0.84432	2.03183	22	35004579	G	A	0.04217086899641213	1.374987449578969
22:41648455:A:G	1.41778e-05	0.00072896	-3.93994	-2.03161	22	41648455	A	G	0.04219315353543866	1.3747580140384237
22:29863385:C:CGTGT	2.93049e-05	0.00103514	-3.56454	-2.03134	22	29863385	C	CGTGT	0.042220516358733716	1.3744764595556618
22:38519063:GT:G	0.00635369	0.00021361	3.39264	2.03124	22	38519063	GT	G	0.04223065454692256	1.3743721872486978
22:34737096:C:A	0.0198171	0.00477797	1.42253	2.03099	22	34737096	C	A	0.0422560090284814	1.3741115233451398
22:17657878:T:G	0.000631817	0.00218357	-1.24012	-2.03095	22	17657878	T	G	0.04226006694038248	1.374069819356216
22:49010549:G:C	0.00119913	0.0582321	-3.88284	-2.03094	22	49010549	G	C	0.04226108146986788	1.3740593934553487
22:38728462:C:T	0.00172187	0.000415171	1.42247	2.03093	22	38728462	C	T	0.04226209601995798	1.3740489675930267
22:49847562:G:A	0.000284115	0.00155124	-1.69743	-2.03081	22	49847562	G	A	0.04227427222832088	1.3739238602516857
22:23810352:C:T	0.000131415	0.00674987	-3.93892	-2.03072	22	23810352	C	T	0.04228340633209617	1.3738300333881837
22:27411826:C:G	0.00110004	0.0254113	-3.13985	-2.03058	22	27411826	C	G	0.04229761825653269	1.3736840866951017
22:31742367:CT:C	9.36781e-05	0.00043058	-1.52527	-2.03046	22	31742367	CT	C	0.04230980312212962	1.373558995542533
22:30963585:C:T	3.08227e-05	0.0005923	-2.95576	-2.03029	22	30963585	C	T	0.042327070097997674	1.373381792577504
22:48291116:C:A	0.00308653	0.0509502	-2.8038	-2.03015	22	48291116	C	A	0.04234129443609967	1.3732358690879332
22:37194678:T:C	0.00113145	0.0210401	-2.92293	-2.02979	22	37194678	T	C	0.04237788987436964	1.3728606719464276
22:33385415:T:C	0.00215394	0.0164982	-2.03596	-2.02974	22	33385415	T	C	0.04238297468951293	1.3728085651829527
22:25047069:C:T	0.000400432	0.0141157	-3.5625	-2.02956	22	25047069	C	T	0.04240128429736306	1.3726209888126746
22:34708064:G:A	0.000366646	0.0035139	-2.26008	-2.02942	22	34708064	G	A	0.042415529728630025	1.3724751047136126
22:34794275:G:A	0.00258826	0.000116619	3.09983	2.0293	22	34794275	G	A	0.04242774332010792	1.3723500672126037
22:19110746:T:G	0.00476163	0.000510178	2.23359	2.02923	22	19110746	T	G	0.042434869288773186	1.3722771312333384
22:26558612:T:C	0.00126099	0.0196352	-2.74543	-2.0291	22	26558612	T	C	0.042448105916324474	1.3721416837107407
22:34727480:T:G	0.0131689	0.00318233	1.42025	2.02889	22	34727480	T	G	0.04246949553784659	1.371922897625537
22:30147514:T:A	0.000310436	0.00595511	-2.95403	-2.02844	22	30147514	T	A	0.04251536113943114	1.3714541275318977
22:21042535:CA:C	0.0295604	0.00226615	2.56835	2.02841	22	21042535	CA	C	0.04251842033513278	1.3714228789671552
22:41226415:A:T	3.12815e-05	0.000362374	-2.44965	-2.02816	22	41226415	A	T	0.04254392087320249	1.3711624877495212
22:36575502:G:A	0.00676079	0.105174	-2.74448	-2.0281	22	36575502	G	A	0.04255004292659315	1.3710999974413645
22:41648175:C:T	1.42377e-05	0.00072896	-3.93573	-2.02796	22	41648175	C	T	0.042564330615231294	1.3709541921176625
22:33801886:A:AAAAGAGT	0.000129168	0.00624968	-3.87918	-2.02781	22	33801886	A	AAAAGAGT	0.04257964335517167	1.3707979805099464
22:33801882:T:C	0.000129168	0.00624968	-3.87918	-2.02781	22	33801882	T	C	0.04257964335517167	1.3707979805099464
22:40626801:G:A	4.06631e-06	0.000100531	-3.20773	-2.0276	22	40626801	G	A	0.04260108901745299	1.3705792988262626
22:45795472:G:A	6.03031e-05	0.00201646	-3.50972	-2.02738	22	45795472	G	A	0.042623565697962	1.370350221957005
22:25510844:C:T	0.0092845	0.000769908	2.48983	2.02729	22	25510844	C	T	0.04263276359355154	1.3702565140681398
22:40279087:A:G	0.000171032	4.17274e-05	1.41069	2.02725	22	40279087	A	G	0.04263685208586762	1.3702148671194725
22:40279557:A:G	0.000171032	4.17274e-05	1.41069	2.02725	22	40279557	A	G	0.04263685208586762	1.3702148671194725
22:46312010:G:A	0.000736864	0.0026391	-1.27579	-2.02721	22	46312010	G	A	0.04264094090973301	1.3701732207873807
22:45795728:G:A	6.03233e-05	0.00201646	-3.50938	-2.02708	22	45795728	G	A	0.04265423187730365	1.370037874466289
22:27153196:GT:G	0.0081028	0.0370851	-1.52101	-2.02671	22	27153196	GT	G	0.042692079190818445	1.3696526936591498
22:44859899:A:G	0.000322211	0.00758146	-3.15826	-2.02667	22	44859899	A	G	0.04269617249259053	1.369611055650672
22:44625120:T:C	0.00257171	0.0192949	-2.01527	-2.02616	22	44625120	T	C	0.04274839118540221	1.3690802250866778
22:46088585:A:G	0.0143694	0.0780448	-1.69218	-2.02565	22	46088585	A	G	0.04280066386584927	1.368549494747597
22:34785815:G:A	5.3738e-05	0.00259327	-3.87655	-2.02557	22	34785815	G	A	0.04280886840328302	1.3684662520233228
22:29800275:T:C	0.00117649	3.85824e-05	3.41749	2.02546	22	29800275	T	C	0.04282015181330276	1.3683517973040096
22:40296326:A:AT	0.000250395	0.0120782	-3.87611	-2.02519	22	40296326	A	AT	0.042847858116455945	1.368070882759531
22:32250769:A:G	0.0252224	0.0110637	0.824067	2.02487	22	32250769	A	G	0.04288071484025777	1.3677379833761143
22:34196167:C:G	0.000278959	0.00379052	-2.60919	-2.02467	22	34196167	C	G	0.04290126110669643	1.3675299412971074
22:49006730:C:G	0.0018121	0.0262608	-2.67359	-2.02416	22	49006730	C	G	0.04295369175756406	1.3669995037527278
22:49925186:C:T	0.00957504	0.00323219	1.086	2.02374	22	49925186	C	T	0.04299691060053964	1.3665627480794575
22:44624468:A:G	0.00268606	0.0200974	-2.01251	-2.02372	22	44624468	A	G	0.04299896955717027	1.366541951885461
22:47392268:T:C	0.01895	0.0032667	1.75802	2.0231	22	47392268	T	C	0.04306283856038002	1.3658973463081983
22:49819928:A:G	0.000739851	0.00400593	-1.68908	-2.0226	22	49819928	A	G	0.04311440420850283	1.3653776109723088
22:17270913:G:A	0.0490878	0.0157247	1.13838	2.02148	22	17270913	G	A	0.043230100651717146	1.3642137533066336
22:33846582:G:A	0.00060898	0.0120922	-2.98853	-2.02124	22	33846582	G	A	0.04325492684938775	1.363964418103474
22:49011150:G:A	0.00118951	0.0603961	-3.92738	-2.02075	22	49011150	G	A	0.04330565107779499	1.363455427624317
22:46998604:A:G	0.00228526	0.00811283	-1.26697	-2.01987	22	46998604	A	G	0.04339687383586686	1.3625415544675024
22:47885648:A:G	0.00593974	0.0970663	-2.79373	-2.01965	22	47885648	A	G	0.043419704874896964	1.3623131327848532
22:21973452:G:GT	0.0010134	0.0248562	-3.1998	-2.01963	22	21973452	G	GT	0.04342178092698625	1.3622923681017443
22:46082801:G:GTT	0.0669665	0.0227266	1.08066	2.01922	22	46082801	G	GTT	0.04346435847886994	1.3618667260501438
22:43736622:G:T	2.97588e-05	0.00150826	-3.92559	-2.0192	22	43736622	G	T	0.04346643633448766	1.3618459646794219
22:48482804:GCACA:G	0.0523306	0.00437669	2.48129	2.01914	22	48482804	GCACA	G	0.043472670404834046	1.361783681491627
22:19322982:AAGAC:A	0.00720425	0.000780337	2.2227	2.01886	22	19322982	AAGAC	A	0.043501772720890335	1.3614930449484928
22:35487334:C:CAA	0.060999	0.0265474	0.831928	2.01858	22	35487334	C	CAA	0.04353089149257761	1.3612024386008708
22:48399129:G:A	0.00673708	0.0178059	-0.971904	-2.01854	22	48399129	G	A	0.043535052660830575	1.3611609258732598
22:34792907:A:G	0.00208856	9.53129e-05	3.08707	2.0181	22	34792907	A	G	0.04358084769165088	1.3607043265398346
22:48043233:T:C	0.000758867	0.0102449	-2.60271	-2.01806	22	48043233	T	C	0.04358501289317033	1.36066282120678
22:21007818:G:A	0.00233015	0.0543301	-3.14914	-2.01789	22	21007818	G	A	0.043602718751037835	1.360486430415784
22:17238335:CAAAAAA:C	0.114614	0.00523193	3.08679	2.01785	22	17238335	CAAAAAA	C	0.04360688571803858	1.3604449283177735
22:31321813:T:G	8.45593e-06	0.000160602	-2.94406	-2.01779	22	31321813	T	G	0.043613136799195144	1.36038267632612
22:40634260:A:C	0.000175685	0.00888899	-3.92388	-2.01772	22	40634260	A	C	0.0436204306837877	1.3603100507548183
22:49182156:G:A	0.00452746	0.0697408	-2.73463	-2.01768	22	49182156	G	A	0.04362459908040106	1.3602685512756196
22:34674052:G:A	2.69008e-06	2.68266e-05	-2.29982	-2.01759	22	34674052	G	A	0.04363397920289609	1.3601751797003543
22:30067925:G:A	1.45886e-05	0.000507041	-3.54835	-2.01723	22	30067925	G	A	0.043671516729473565	1.3598017245933796
22:23993783:G:A	0.0120415	0.0026984	1.4957	2.0171	22	23993783	G	A	0.043685078648333674	1.3596668780704166
22:34735602:A:G	0.0188144	0.00460722	1.407	2.01672	22	34735602	A	G	0.043724741576198205	1.3592727486271652
22:49808027:C:CA	0.00125338	0.000544847	0.833092	2.01643	22	49808027	C	CA	0.04375503110945498	1.3589720030427934
22:42990829:TC:T	0.00633047	0.000687598	2.21992	2.01622	22	42990829	TC	T	0.043776975969177616	1.3587542419745524
22:34704467:C:T	0.000329387	0.00327935	-2.29817	-2.01614	22	34704467	C	T	0.04378533836014127	1.3586712898440636
22:32501483:CA:C	0.0168957	0.00247072	1.92255	2.01606	22	32501483	CA	C	0.043793702099993816	1.3585883401780707
22:46446125:C:T	0.127902	0.0412088	1.13262	2.0159	22	46446125	C	T	0.04381043362702165	1.358422448239521
22:17645225:AT:A	0.0112477	0.00327088	1.23511	2.01588	22	17645225	AT	A	0.04381252544738656	1.3584017124403336
22:46469806:A:G	0.043089	0.00709016	1.80456	2.01565	22	46469806	A	G	0.04383658744408545	1.3581632618204087
22:40704226:TGAGACA:T	0.00151441	9.9539e-05	2.72223	2.01557	22	40704226	TGAGACA	T	0.04384495944946206	1.3580803272491702
22:26101141:G:A	0.00194326	0.0109117	-1.72547	-2.0155	22	26101141	G	A	0.04385228606163033	1.3580077615209176
22:17866608:C:CAGAATAGAA	0.0161699	0.00716003	0.814635	2.01539	22	17866608	C	CAGAATAGAA	0.043863801397958514	1.3578937334743377
22:46469904:T:C	0.043089	0.00709213	1.80428	2.01538	22	46469904	T	C	0.043864848373311754	1.3578833675193207
22:36722498:C:T	0.0011388	0.0153336	-2.60007	-2.01537	22	36722498	C	T	0.04386589536976575	1.357873001602809
22:17438502:A:G	0.00150056	0.0348932	-3.14645	-2.0153	22	17438502	A	G	0.04387322493579139	1.3578004412653906
22:49815551:GA:G	0.000695213	0.00234608	-1.21628	-2.01501	22	49815551	GA	G	0.043903601297909454	1.3574998542530583
22:32318693:C:A	0.000729968	0.0118727	-2.789	-2.01472	22	32318693	C	A	0.043933995415730016	1.3571992996233215
22:27389536:A:G	0.00436757	0.075591	-2.85113	-2.01453	22	27389536	A	G	0.04395391843436954	1.3570024020790024
22:27818698:C:T	0.00372996	0.00981268	-0.967278	-2.01424	22	27818698	C	T	0.04398434195812547	1.3567019010466774
22:17437370:G:A	0.00152336	0.0353837	-3.14533	-2.01422	22	17437370	G	A	0.043986440787344504	1.3566811780311485
22:48293521:G:GA	0.0030241	0.0464162	-2.73104	-2.01388	22	48293521	G	GA	0.04402213382258453	1.3563289103307405
22:43185441:T:C	0.00313121	0.0296564	-2.24826	-2.01385	22	43185441	T	C	0.044025284381624265	1.3562978300234616
22:31790782:C:T	0.000222942	0.000920056	-1.41752	-2.01347	22	31790782	C	T	0.04406520794141791	1.3559041761240183
22:25450120:G:T	0.00603909	0.00267967	0.812559	2.01331	22	25450120	G	T	0.04408202700230364	1.3557384437462123
22:25449888:C:G	0.00603898	0.00267961	0.812563	2.01331	22	25449888	C	G	0.04408202700230364	1.3557384437462123
22:48341827:G:A	0.00892821	0.0701923	-2.06202	-2.01277	22	48341827	G	A	0.044138831346390184	1.3551791697365059
22:46425706:GTTAATC:G	0.0988849	0.0263811	1.32131	2.01251	22	46425706	GTTAATC	G	0.04416620361488553	1.3549099296971205
22:49921765:C:T	0.00563926	0.00192949	1.0725	2.01197	22	49921765	C	T	0.044223099493996935	1.3543508220023028
22:46992426:G:C	0.0156723	0.00389338	1.39262	2.0116	22	46992426	G	C	0.044262119411745494	1.3539677945030089
22:49770430:T:C	0.000553428	0.00548054	-2.29283	-2.01147	22	49770430	T	C	0.04427583600891532	1.3538332297848448
22:34195630:T:G	0.000203277	0.00964728	-3.85986	-2.01131	22	34195630	T	G	0.04429272289922851	1.3536676206012066
22:24453258:T:A	0.00026528	0.00871405	-3.49191	-2.01129	22	24453258	T	A	0.044294834142655844	1.3536469201461712
22:28834669:T:A	4.91062e-05	0.000846852	-2.84754	-2.01099	22	28834669	T	A	0.044326512986885405	1.353336431798305
22:28834745:C:A	4.91062e-05	0.000846852	-2.84754	-2.01099	22	28834745	C	A	0.044326512986885405	1.353336431798305
22:28834766:A:G	4.91062e-05	0.000846852	-2.84754	-2.01099	22	28834766	A	G	0.044326512986885405	1.353336431798305
22:35882838:A:G	0.000814131	0.000348869	0.847425	2.01076	22	35882838	A	G	0.044350813047145325	1.3530984141941
22:49721896:T:C	0.00595443	0.0851437	-2.6602	-2.01064	22	49721896	T	C	0.044363495801514476	1.352974239180016
22:49851602:CAT:C	0.00120227	0.000389663	1.12669	2.01016	22	49851602	CAT	C	0.044414257428784916	1.352477594554165
22:39361356:C:CT	0.00967876	0.00424609	0.823935	2.01004	22	39361356	C	CT	0.044426955490830165	1.3523534472551033
22:36494306:T:C	0.00292149	0.00981029	-1.21134	-2.00995	22	36494306	T	C	0.044436481047560705	1.352260340418318
22:17602380:C:CT	0.00769969	0.00337829	0.823809	2.0099	22	17602380	C	CT	0.044441773768136864	1.3522086157451016
22:41641342:G:A	1.45682e-05	0.000730439	-3.9148	-2.00988	22	41641342	G	A	0.04444389100530237	1.3521879261452572
22:49149728:G:GCA	0.00429933	0.104419	-3.18996	-2.00974	22	49149728	G	GCA	0.044458714048672535	1.3520431032574143
22:48413391:G:C	0.0478436	0.0229019	0.736717	2.00967	22	48413391	G	C	0.04446612713452177	1.351970694642615
22:25676690:C:CA	0.00189558	0.000727038	0.958302	2.00966	22	25676690	C	CA	0.04446718623191998	1.3519603507087516
22:23826022:A:G	0.00062158	0.0143676	-3.14047	-2.00954	22	23826022	A	G	0.044479897060979094	1.3518362265046968
22:30072247:A:T	1.16465e-05	0.000401077	-3.53915	-2.0092	22	30072247	A	T	0.04451592772596886	1.3514845713595984
22:31258837:C:T	9.54056e-06	0.000198989	-3.0377	-2.00899	22	31258837	C	T	0.044538194259754346	1.351267394821555
22:19118631:C:T	0.00086967	0.0435446	-3.91343	-2.00869	22	19118631	C	T	0.04457001989359214	1.3509571720687403
22:27874384:T:G	0.000150763	0.00112622	-2.01091	-2.00856	22	27874384	T	G	0.04458381695881636	1.3508227529668213
22:47076999:C:G	0.00190398	0.0195813	-2.33063	-2.00833	22	47076999	C	G	0.044608235978013375	1.3505849504898846
22:41641608:C:A	1.4605e-05	0.000730439	-3.91228	-2.0077	22	41641608	C	A	0.0446751806439602	1.3499336827503206
22:32217805:C:T	0.0013332	0.00446556	-1.20881	-2.00736	22	32217805	C	T	0.04471134470834071	1.3495822683867196
22:42256311:T:C	0.000309697	0.00318075	-2.32928	-2.00685	22	42256311	T	C	0.044765637103530674	1.3490552302578829
22:25187113:C:T	0.0143964	0.00223646	1.86209	2.0066	22	25187113	C	T	0.044792271326330554	1.3487969147939427
22:19954251:G:T	0.021919	0.00544904	1.39191	2.00651	22	19954251	G	T	0.04480186291788284	1.348703927114897
22:36998282:C:T	0.0015898	0.0326394	-3.02191	-2.0064	22	36998282	C	T	0.04481358832670349	1.348590279740316
22:41626031:C:G	1.75452e-05	0.000283055	-2.78086	-2.00624	22	41626031	C	G	0.04483064808705575	1.3484249827804795
22:25696991:C:A	0.00727273	0.00349549	0.732658	2.00616	22	25696991	C	A	0.04483918002103735	1.3483423379948805
22:48808801:A:G	0.0537472	0.0236682	0.820161	2.006	22	48808801	A	G	0.04485624799743726	1.348177055812255
22:46462186:G:T	0.00770168	0.0839239	-2.38847	-2.00561	22	46462186	G	T	0.04489787414664968	1.3477742217636315
22:39347218:CTT:C	0.0185193	0.00307996	1.7939	2.00522	22	39347218	CTT	C	0.044939532868069045	1.3473714462443116
22:17656636:G:T	0.000678619	0.00228443	-1.21381	-2.00503	22	17656636	G	T	0.04495983994801889	1.3471752434758266
22:31661392:T:TACA	0.00171493	0.000767315	0.80423	2.00493	22	31661392	T	TACA	0.044970530992583045	1.347071984440346
22:39300829:A:G	0.000370735	0.00466696	-2.53278	-2.00477	22	39300829	A	G	0.04498764112290454	1.3469067779872106
22:38195818:A:G	0.000524469	0.0171024	-3.48459	-2.00468	22	38195818	A	G	0.04499726798336311	1.3468138536861765
22:41691590:TA:T	5.76209e-07	9.28052e-06	-2.7792	-2.00451	22	41691590	TA	T	0.04501545679265737	1.3466383385101597
22:28789872:C:T	4.85465e-05	0.00117283	-3.18465	-2.00441	22	28789872	C	T	0.045026158987958996	1.3465350994835088
22:49182359:G:A	0.00461284	0.0701673	-2.72204	-2.00436	22	49182359	G	A	0.04503151089010473	1.3464834814131
22:17438268:G:A	0.00151819	0.0348932	-3.13478	-2.00406	22	17438268	G	A	0.04506363356845256	1.3461737931912672
22:34737001:T:G	0.019315	0.00479736	1.39281	2.00369	22	34737001	T	G	0.04510327814527048	1.345791892076287
22:34704706:C:T	0.000334369	0.00327935	-2.28316	-2.00302	22	34704706	C	T	0.045175141810684355	1.3451004754576554
22:40664849:A:T	0.00774339	0.00266927	1.06503	2.00293	22	40664849	A	T	0.04518480248927645	1.3450076117567649
22:41222967:G:C	5.76422e-05	1.69864e-05	1.22184	2.0028	22	41222967	G	C	0.04519875987758363	1.3448734808016878
22:41223222:G:C	5.76422e-05	1.69864e-05	1.22184	2.0028	22	41223222	G	C	0.04519875987758363	1.3448734808016878
22:36493883:A:G	0.00292207	0.00974294	-1.20425	-2.00269	22	36493883	A	G	0.04521057281411478	1.3447599904566756
22:17981845:T:C	0.0120828	0.000696934	2.85284	2.00228	22	17981845	T	C	0.045254625782662414	1.3443370220011654
22:36915764:T:G	0.0920924	0.012771	1.97562	2.00216	22	36915764	T	G	0.045267526177619706	1.3442132385899026
22:45181923:C:T	0.000496237	0.0161349	-3.48169	-2.00205	22	45181923	C	T	0.045279354262748026	1.3440997753296124
22:42968628:G:C	0.00374506	0.000295843	2.53836	2.00188	22	42968628	G	C	0.04529763915497315	1.3439244321744954
22:42967917:G:A	0.00375614	0.000296805	2.53807	2.00162	22	42967917	G	A	0.045325616323158624	1.343656281795564
22:29369838:ATT:A	0.0102427	0.000287937	3.57158	2.00157	22	29369838	ATT	A	0.04533099821728914	1.3436047173964814
22:29865814:C:T	4.99372e-05	0.00170467	-3.53036	-2.00154	22	29865814	C	T	0.04533422761231155	1.3435737792186766
22:49009911:C:T	0.00128481	0.063787	-3.90494	-2.00136	22	49009911	C	T	0.045353608055044736	1.34338815742272
22:49777289:G:A	0.000664448	0.00484728	-1.98722	-2.00134	22	49777289	G	A	0.04535576186858316	1.3433675335481248
22:39161157:A:C	0.0171992	0.00507588	1.22036	2.00134	22	39161157	A	C	0.04535576186858316	1.3433675335481248
22:30659123:CAAA:C	0.0267295	0.0069899	1.3413	2.00104	22	30659123	CAAA	C	0.04538807941854774	1.3430581938945996
22:36916519:A:G	0.0925984	0.0128556	1.97449	2.00104	22	36916519	A	G	0.04538807941854774	1.3430581938945996
22:23809396:T:C	0.000160553	0.00367783	-3.13145	-2.00086	22	23809396	T	C	0.04540747926305705	1.342872606721158
22:33402437:G:T	0.0520557	0.0129706	1.38962	2.00076	22	33402437	G	T	0.045418259973925124	1.342769508121525
22:48584819:G:A	0.00440154	0.105948	-3.18099	-2.00073	22	48584819	G	A	0.0454214946078204	1.3427385792917685
22:19110987:T:C	0.000284032	0.0133052	-3.84682	-2.00017	22	19110987	T	C	0.04548191008815654	1.3421613046851137
22:30072507:A:C	1.17686e-05	0.000401077	-3.52872	-2.00011	22	30072507	A	C	0.045488387190235055	1.3420994609893069
